Sample	0.0	1.0	2.0	3.0	4.0	5.0	6.0	7.0	8.0	9.0	10.0	11.0	12.0	13.0	14.0	15.0	16.0	17.0	18.0	19.0	20.0	21.0	22.0	23.0	24.0	25.0	26.0	27.0	28.0	29.0	30.0	31.0	32.0	33.0	34.0	35.0	36.0	37.0	38.0	39.0	40.0	41.0	42.0	43.0	44.0	45.0	46.0	47.0	48.0	49.0	50.0	51.0	52.0	53.0	54.0	55.0	56.0	57.0	58.0	59.0	60.0	61.0	62.0	63.0	64.0	65.0	66.0	67.0	68.0	69.0	70.0	71.0	72.0	73.0	74.0	75.0	76.0	77.0	78.0	79.0	80.0	81.0	82.0	83.0	84.0	85.0	86.0	87.0	88.0	89.0	90.0	91.0	92.0	93.0	94.0	95.0	96.0	97.0	98.0	99.0	100.0
P9723_1001_S1_L001_R1_001	0.0	0.0	0.0	0.0	0.0	0.0	0.0	0.0	0.0	0.0	0.0	0.0	0.0	0.0	0.0	0.0	0.0	0.0	0.0	0.0	0.25	0.25	0.0	0.5	1.25	1.75	0.25	0.25	0.75	0.75	1.5	5.5	9.0	22.0	65.5	123.5	222.5	395.75	614.25	1296.75	3128.5	1843.5	1228.5	1738.0	5054.0	5103.75	3537.25	10128.75	16652.75	7459.25	2377.5	1103.5	1584.75	905.75	1933.25	615.75	184.75	36.25	16.5	8.25	3.25	1.0	0.25	0.0	0.0	0.0	0.0	0.25	0.0	0.25	0.0	0.0	0.0	0.0	0.0	0.0	0.0	0.0	0.0	0.0	0.0	0.25	0.0	0.0	0.0	0.0	0.0	0.0	0.0	0.0	0.0	0.0	0.25	0.0	0.0	0.0	0.25	0.0	0.0	0.25	0.0
P9723_1001_S1_L001_R2_001	0.0	0.0	0.0	0.0	0.0	0.0	0.0	0.0	0.0	0.0	0.0	0.0	0.0	0.0	0.0	0.0	0.0	0.25	0.0	0.0	0.75	0.75	0.25	0.75	0.25	0.25	0.5	0.5	1.0	1.25	3.0	4.25	4.0	9.0	23.75	64.75	114.0	231.0	475.5	1064.0	2659.75	1870.25	1500.0	1980.5	3489.5	5411.0	6759.0	9931.5	11188.75	7211.5	3983.75	1934.0	1825.0	1198.0	1542.75	1014.0	429.75	173.25	54.5	21.25	10.5	7.75	7.25	1.25	1.25	0.75	0.25	0.5	0.75	0.5	0.75	0.5	1.25	0.75	1.25	0.5	0.25	0.0	0.25	0.0	0.25	0.0	0.0	0.0	0.0	0.0	0.0	0.0	0.0	0.0	0.0	0.0	0.0	0.0	0.0	0.0	0.0	0.0	0.0	0.0	0.3333333333333333
P9723_1002_S2_L001_R1_001	0.0	0.0	0.0	0.0	0.0	0.0	0.0	0.0	0.0	0.0	0.0	0.0	0.0	0.0	0.0	0.0	0.0	0.0	0.0	0.0	0.0	0.0	0.0	0.0	0.0	0.0	0.25	0.25	0.0	0.0	0.75	3.5	13.5	36.25	83.5	177.5	333.25	504.0	745.75	1127.75	1172.25	1555.5	2491.25	2398.25	2917.25	4977.75	12279.25	20832.25	16474.5	13997.75	2968.0	900.25	537.5	214.75	105.5	30.5	22.25	20.75	13.75	9.0	3.5	0.5	0.25	0.0	0.25	0.25	0.0	0.0	0.0	0.0	0.75	0.0	0.0	0.25	0.0	0.0	0.0	0.25	0.0	0.0	0.25	0.0	0.0	0.0	0.25	0.25	0.0	0.0	0.0	0.25	0.25	0.0	0.0	0.25	0.25	0.25	0.25	0.0	0.0	0.0	0.0
P9723_1002_S2_L001_R2_001	0.0	0.0	0.0	0.0	0.0	0.0	0.0	0.0	0.0	0.0	0.0	0.0	0.0	0.0	0.0	0.0	0.0	0.0	0.0	0.0	0.0	0.0	0.0	0.25	0.0	0.25	0.25	0.25	0.5	0.75	0.75	2.5	6.5	10.5	23.75	55.75	130.75	266.75	569.5	888.0	1169.25	1662.75	2196.0	2513.75	3012.5	4253.75	6571.5	19221.25	17008.25	12389.75	10900.75	2533.75	1035.75	444.5	199.0	104.5	48.75	21.0	12.0	9.5	11.25	10.5	3.25	2.5	1.0	1.0	1.0	0.25	0.5	0.25	0.25	0.0	0.0	0.25	0.75	0.75	0.5	0.0	0.25	0.0	0.0	0.0	0.0	0.0	0.0	0.0	0.0	0.0	0.0	0.25	0.25	0.25	0.0	0.0	0.0	0.0	0.0	0.0	0.0	0.0	0.3333333333333333
P9723_1003_S3_L001_R1_001	0.0	0.0	0.0	0.0	0.0	0.0	0.0	0.0	0.0	0.0	0.0	0.0	0.0	0.0	0.0	0.0	0.0	0.0	0.25	0.25	0.0	0.0	0.0	0.0	0.0	0.0	0.0	0.0	0.25	2.5	2.25	5.0	7.0	33.25	80.25	211.0	469.25	542.5	836.0	1512.0	4216.75	2708.75	3012.25	7253.25	4428.5	7110.75	10749.5	23649.0	11394.25	2835.0	1695.5	2888.75	2452.0	3356.75	1110.75	430.5	164.5	309.5	57.5	24.25	4.75	3.0	0.5	0.25	0.0	0.75	0.5	0.5	0.25	0.75	1.5	0.75	0.25	0.25	0.0	0.25	0.0	0.0	0.5	0.0	0.0	0.0	0.0	0.0	0.0	0.0	0.0	0.0	0.0	0.0	0.0	0.0	0.0	0.0	0.0	0.0	0.25	0.25	0.0	0.0	0.0
P9723_1003_S3_L001_R2_001	0.0	0.0	0.0	0.0	0.0	0.0	0.0	0.0	0.0	0.0	0.0	0.0	0.0	0.0	0.0	0.0	0.0	0.0	0.0	0.0	0.25	0.25	0.0	0.0	0.0	0.0	0.0	0.25	1.0	2.0	3.0	6.25	8.5	19.75	58.25	192.0	249.75	319.0	629.5	1087.0	1682.75	2812.5	5483.75	7277.5	5477.5	6947.75	10861.75	14446.5	12371.5	6545.75	3568.75	2815.75	2481.75	2710.25	2000.0	925.75	364.75	215.0	218.0	135.0	51.5	19.0	9.0	3.5	2.75	1.75	0.75	0.75	1.0	1.0	0.25	0.0	0.5	1.25	0.75	0.0	1.0	0.75	0.25	0.0	0.0	0.0	0.0	0.0	0.0	0.0	0.25	0.25	0.25	0.0	0.0	0.25	0.5	0.5	0.0	0.0	0.0	0.0	0.0	0.0	0.0
P9723_1004_S4_L001_R1_001	0.0	0.0	0.0	0.0	0.0	0.0	0.0	0.0	0.0	0.0	0.0	0.0	0.0	0.0	0.0	0.0	0.0	0.0	0.0	0.0	0.0	0.0	0.0	0.0	0.25	0.25	0.25	1.25	0.5	5.25	5.25	7.0	11.75	43.5	112.25	411.75	349.0	524.0	1154.25	2320.0	3151.5	4490.75	2277.75	1872.25	2110.0	2243.75	4385.0	13036.25	13338.0	6508.25	3483.75	1945.25	2134.5	582.5	349.5	252.0	182.0	55.5	47.75	41.0	4.75	0.5	0.5	0.0	0.0	0.0	0.25	0.0	0.0	0.0	0.25	0.0	0.0	0.0	0.25	0.25	0.0	0.0	0.0	0.0	0.0	0.0	0.0	0.25	0.0	0.0	0.0	0.0	0.0	0.0	0.25	0.0	0.0	0.0	0.0	0.0	0.0	0.25	0.0	0.0	0.0
P9723_1004_S4_L001_R2_001	0.0	0.0	0.0	0.0	0.0	0.0	0.0	0.0	0.0	0.0	0.0	0.0	0.0	0.0	0.0	0.0	0.0	0.0	0.0	0.0	0.0	0.0	0.0	0.0	0.5	0.0	0.0	1.75	1.75	4.5	7.0	5.75	15.5	33.25	87.75	287.5	191.5	357.25	1048.75	1562.5	1906.25	1823.75	2848.0	4244.5	3156.25	2889.25	4275.25	8641.5	13501.0	7404.75	4197.25	3189.5	2320.0	1245.0	645.5	368.0	200.75	184.25	115.0	43.0	17.75	7.5	5.75	2.0	2.25	1.25	0.25	0.25	0.0	0.5	0.75	0.25	0.5	0.5	0.25	0.25	0.25	0.0	0.0	0.0	0.25	0.25	0.0	0.25	0.25	0.0	0.0	0.25	0.0	0.0	0.0	0.0	0.0	0.0	0.0	0.0	0.0	0.0	0.0	0.0	0.6666666666666666
P9723_1005_S5_L001_R1_001	0.0	0.0	0.0	0.0	0.0	0.0	0.0	0.0	0.0	0.0	0.0	0.0	0.0	0.0	0.0	0.0	0.0	0.0	0.0	0.0	0.0	0.0	0.0	0.25	0.5	0.75	0.75	0.75	0.75	0.75	2.5	7.0	11.25	30.25	66.0	147.75	265.5	454.25	686.5	1444.75	3330.25	2145.25	1457.0	1996.0	5347.25	5017.0	3658.25	10979.0	17592.0	7413.0	2469.75	1401.0	2500.25	1324.75	2035.5	709.0	240.75	59.0	33.25	18.5	6.5	5.0	5.75	5.25	4.0	1.5	1.25	0.25	0.25	0.5	0.25	0.25	0.0	0.25	0.25	0.25	0.25	0.0	0.0	0.0	0.0	0.0	0.0	0.0	0.0	0.0	0.0	0.0	0.0	0.0	0.25	0.25	0.0	0.0	0.0	0.0	0.0	0.0	0.0	0.0	0.0
P9723_1005_S5_L001_R2_001	0.0	0.0	0.0	0.0	0.0	0.0	0.0	0.0	0.0	0.0	0.0	0.0	0.0	0.0	0.0	0.0	0.0	0.0	0.25	0.25	0.0	0.0	0.25	0.75	0.5	0.0	0.5	0.5	0.75	0.75	3.5	7.75	7.75	14.25	24.25	62.5	125.75	275.75	571.5	1172.75	2787.0	2146.25	1727.0	2135.0	3546.5	5462.75	6802.75	10262.75	12409.5	7564.5	4082.75	2302.0	2556.0	1765.5	1753.75	1141.0	550.5	238.5	96.5	36.25	23.0	17.25	11.75	8.25	7.0	5.75	6.25	2.75	1.25	0.75	0.5	0.0	0.0	0.0	0.0	1.0	1.25	0.25	0.0	0.0	0.0	0.0	0.25	0.0	0.0	0.0	0.0	0.0	0.0	0.0	0.0	0.0	0.0	0.0	0.0	0.0	0.0	0.0	0.0	0.0	0.0
P9723_1006_S6_L001_R1_001	0.0	0.0	0.0	0.0	0.0	0.0	0.0	0.0	0.0	0.0	0.0	0.0	0.0	0.0	0.0	0.0	0.0	0.0	0.0	0.0	0.0	0.0	0.0	0.0	0.0	0.0	0.0	0.0	0.25	0.25	1.5	6.0	13.5	31.25	70.5	161.25	274.75	435.0	679.25	1081.5	1071.0	1431.75	2087.75	2175.25	2810.0	4813.5	13732.5	21360.25	16368.25	15677.0	3211.5	909.75	526.0	401.25	185.75	58.0	38.75	28.25	27.5	46.75	32.5	12.25	6.5	3.0	0.5	0.0	0.5	0.0	0.75	0.75	1.0	0.25	0.75	0.0	0.0	0.0	0.0	0.25	0.5	0.0	0.0	0.25	0.0	0.0	0.0	0.0	0.0	0.0	0.25	0.0	0.0	0.0	0.0	0.25	0.5	0.0	0.0	0.25	0.25	0.0	0.3333333333333333
P9723_1006_S6_L001_R2_001	0.0	0.0	0.0	0.0	0.0	0.0	0.0	0.0	0.0	0.0	0.0	0.0	0.0	0.0	0.0	0.0	0.0	0.0	0.0	0.0	0.0	0.0	0.0	0.0	0.0	0.0	0.5	0.75	0.75	0.5	2.25	2.75	3.25	14.0	22.25	54.0	129.5	249.0	523.25	816.75	1067.75	1466.75	1879.0	2151.5	2754.25	4056.0	6770.75	19828.75	17793.0	13522.25	11928.5	2816.75	1102.25	625.5	330.75	152.25	67.25	39.0	28.25	29.0	36.75	34.75	19.25	11.0	2.75	1.25	1.25	0.5	0.75	0.5	0.5	0.75	0.0	0.25	0.25	1.25	1.25	1.5	0.5	0.0	0.0	0.25	0.25	0.0	0.0	0.0	0.0	0.0	0.0	0.0	0.25	0.0	0.0	0.0	0.0	0.0	0.0	0.0	0.25	0.0	0.3333333333333333
P9723_1009_S9_L001_R1_001	0.0	0.0	0.0	0.0	0.0	0.0	0.0	0.0	0.0	0.0	0.0	0.0	0.0	0.0	0.0	0.0	0.0	0.0	0.0	0.0	0.0	0.0	0.0	0.0	0.5	1.0	1.0	1.0	2.25	0.5	0.75	7.0	41.5	84.25	76.25	135.75	226.5	390.0	711.25	1521.0	2211.25	1723.75	1503.25	1910.0	4883.25	5649.5	3576.75	1864.25	3600.75	3128.25	2679.0	2156.75	4686.5	2992.75	3436.5	1035.0	312.0	74.75	30.75	19.5	11.5	1.75	2.25	1.25	0.25	0.5	0.0	0.0	0.0	0.0	0.0	0.25	0.0	0.0	0.0	0.25	0.0	0.25	0.0	0.0	0.0	0.25	0.0	0.0	0.0	0.0	0.0	0.0	0.0	0.0	0.0	0.0	0.0	0.0	0.0	0.0	0.0	0.0	0.0	0.0	0.0
P9723_1009_S9_L001_R2_001	0.0	0.0	0.0	0.0	0.0	0.0	0.0	0.0	0.0	0.0	0.0	0.0	0.0	0.0	0.0	0.0	0.0	0.0	0.0	0.0	0.25	0.5	0.5	0.5	0.5	0.0	0.5	1.0	2.0	4.0	4.25	7.5	15.75	40.0	75.5	88.5	131.75	275.0	602.5	1234.75	2035.75	1762.75	1846.5	2733.0	3806.5	4529.25	3309.0	2893.75	3542.0	3100.25	2507.0	2360.0	4582.5	3669.5	2926.75	1631.0	704.5	264.5	100.25	43.0	25.75	19.5	12.75	5.25	3.0	1.25	0.75	0.25	0.0	0.0	0.5	0.0	0.0	0.0	0.0	0.5	0.5	0.0	0.0	0.0	0.0	0.0	0.25	0.0	0.25	0.0	0.0	0.0	0.25	0.25	0.0	0.0	0.0	0.0	0.0	0.0	0.0	0.0	0.0	0.0	0.0
P9723_1010_S10_L001_R1_001	0.0	0.0	0.0	0.0	0.0	0.0	0.0	0.0	0.0	0.0	0.0	0.0	0.0	0.0	0.0	0.0	0.0	0.0	0.0	0.0	0.0	0.0	0.0	0.0	0.0	0.0	0.0	0.0	0.0	0.5	1.75	2.0	6.25	12.75	31.0	70.75	129.0	188.75	272.0	431.75	475.25	608.0	887.5	904.25	1396.0	4166.0	3218.0	8335.5	11663.5	23928.0	6851.25	1616.0	600.75	342.25	99.75	36.0	25.75	18.75	16.0	10.75	7.5	2.5	1.5	0.5	0.0	0.0	0.0	0.25	0.25	0.0	0.25	0.25	0.25	0.25	0.0	0.0	0.0	0.0	0.0	0.0	0.0	0.0	0.0	0.25	0.0	0.25	0.0	0.0	0.0	0.0	0.0	0.25	0.0	0.0	0.0	0.25	0.25	0.0	0.0	0.0	0.0
P9723_1010_S10_L001_R2_001	0.0	0.0	0.0	0.0	0.0	0.0	0.0	0.0	0.0	0.0	0.0	0.0	0.0	0.0	0.0	0.0	0.0	0.0	0.0	0.0	0.0	0.0	0.0	0.0	0.0	0.25	0.0	0.25	0.5	0.25	1.0	1.25	3.5	5.75	15.5	32.0	61.0	109.5	227.5	362.25	464.5	655.0	865.0	1094.75	1785.0	3240.0	4071.25	7086.75	7467.25	15793.0	19171.25	4916.0	1700.0	717.75	338.75	116.75	49.75	27.25	23.75	17.5	14.5	13.25	10.25	4.25	2.0	1.0	1.25	0.5	0.5	0.0	0.0	0.25	0.75	0.25	0.25	0.25	0.0	0.0	0.0	0.0	0.0	0.0	0.0	0.0	0.0	0.0	0.25	0.0	0.0	0.0	0.0	0.0	0.25	0.25	0.0	0.0	0.0	0.0	0.0	0.0	0.0
P9723_1011_S11_L001_R1_001	0.0	0.0	0.0	0.0	0.0	0.0	0.0	0.0	0.0	0.0	0.0	0.0	0.0	0.0	0.0	0.0	0.0	0.0	0.0	0.0	0.0	0.0	0.0	0.0	0.0	0.0	0.0	0.0	1.0	2.25	1.75	2.5	7.25	24.75	62.5	150.75	313.25	424.0	665.75	1091.0	1768.5	2780.5	5999.5	2208.0	3739.5	9380.0	9320.0	15397.5	13890.75	6024.5	2044.75	1245.25	1024.0	1103.75	407.25	197.0	155.0	256.5	546.0	104.25	16.75	6.5	2.25	0.5	0.25	0.5	0.0	0.0	0.0	0.25	0.0	0.0	0.25	0.0	0.25	0.25	0.0	0.25	0.0	0.25	0.25	0.0	0.0	0.0	0.25	0.0	0.0	0.0	0.0	0.0	0.0	0.0	0.0	0.0	0.0	0.0	0.0	0.0	0.0	0.0	0.0
P9723_1011_S11_L001_R2_001	0.0	0.0	0.0	0.0	0.0	0.0	0.0	0.0	0.0	0.0	0.0	0.0	0.0	0.0	0.0	0.0	0.0	0.0	0.0	0.0	0.0	0.0	0.0	0.0	0.0	0.25	0.25	1.0	1.5	1.5	2.5	3.75	7.0	15.75	38.0	117.25	170.75	253.75	579.75	980.75	1568.5	3120.5	5498.5	2814.25	3425.25	6828.75	9773.25	11507.5	13211.0	7237.75	4010.0	1962.0	1373.0	1109.75	692.25	365.0	194.25	123.75	126.75	156.25	291.0	256.75	127.5	48.0	15.0	2.75	1.25	1.25	0.75	1.0	0.5	0.25	0.5	0.0	0.5	0.5	0.75	0.5	0.0	0.0	0.5	0.0	0.25	0.5	0.25	0.5	0.25	0.0	0.0	0.25	0.25	0.0	0.0	0.0	0.0	0.0	0.0	0.0	0.0	0.0	0.0
P9723_1012_S12_L001_R1_001	0.0	0.0	0.0	0.0	0.0	0.0	0.0	0.0	0.0	0.0	0.0	0.0	0.0	0.0	0.0	0.0	0.0	0.0	0.0	0.0	0.0	0.0	0.0	0.0	0.0	0.0	0.0	0.0	1.25	2.5	2.75	6.75	9.75	26.5	66.75	158.75	243.75	432.0	1051.5	1960.25	4558.25	6522.5	5906.75	5606.25	1615.25	1801.25	3142.0	7188.5	4658.25	1896.25	1523.25	1496.0	1320.0	1005.5	744.5	428.0	609.5	158.25	68.25	15.75	4.5	1.75	0.5	0.0	0.0	0.25	0.0	0.0	0.0	0.0	0.5	0.5	0.0	0.0	0.0	0.0	0.0	0.0	0.0	0.0	0.25	0.0	0.0	0.0	0.25	0.0	0.0	0.0	0.0	0.0	0.0	0.0	0.0	0.25	0.25	0.0	0.25	0.0	0.0	0.0	0.0
P9723_1012_S12_L001_R2_001	0.0	0.0	0.0	0.0	0.0	0.0	0.0	0.0	0.0	0.0	0.0	0.0	0.0	0.0	0.0	0.0	0.0	0.0	0.0	0.0	0.0	0.0	0.0	0.0	0.0	0.0	0.0	0.5	1.5	2.75	4.0	9.25	13.25	19.0	46.5	116.0	146.0	352.0	1031.75	1344.5	1685.5	2231.75	6656.0	8830.5	4334.25	2594.75	2929.75	4782.25	6320.75	3113.5	1973.0	1616.75	1271.75	1018.25	892.5	596.0	334.75	497.25	401.5	161.5	58.75	20.5	9.25	4.0	2.25	2.0	1.5	0.25	0.25	0.5	0.25	0.5	0.5	0.25	0.25	0.25	0.5	0.0	0.0	0.0	0.0	0.0	0.0	0.0	0.0	0.0	0.0	0.0	0.0	0.0	0.0	0.0	0.25	0.0	0.0	0.0	0.0	0.0	0.0	0.0	0.0
P9723_1013_S13_L001_R1_001	0.0	0.0	0.0	0.0	0.0	0.0	0.0	0.0	0.0	0.0	0.0	0.0	0.0	0.0	0.0	0.0	0.0	0.25	0.0	0.0	0.0	0.0	0.0	0.0	0.25	0.75	0.5	1.25	1.5	0.75	4.0	7.5	26.5	52.0	71.0	149.25	251.25	482.5	831.25	1642.25	2266.0	1955.5	1775.25	2254.5	5258.0	6092.75	3938.0	2200.75	4252.5	3844.0	3233.0	2964.5	7409.75	4630.25	4465.25	1470.5	496.25	187.25	54.5	24.5	22.5	14.75	52.0	83.0	27.0	3.0	2.0	0.5	0.0	0.0	0.0	0.0	0.5	0.0	0.0	0.0	0.0	0.0	0.0	0.0	0.25	0.0	0.0	0.0	0.0	0.25	0.25	0.25	0.0	0.0	0.0	0.0	0.0	0.0	0.0	0.0	0.0	0.0	0.0	0.0	0.0
P9723_1013_S13_L001_R2_001	0.0	0.0	0.0	0.0	0.0	0.0	0.0	0.0	0.0	0.0	0.0	0.0	0.0	0.0	0.0	0.0	0.0	0.0	0.0	0.0	0.25	0.5	0.0	0.5	0.25	0.25	1.0	1.5	3.0	3.75	2.75	4.75	10.5	28.0	56.5	90.0	165.0	326.25	657.75	1255.75	2117.25	1984.5	2124.75	3103.25	4141.25	5032.75	3777.75	3204.5	3880.25	3735.75	3185.5	3291.0	6675.75	5517.5	4152.0	2372.5	1058.5	475.5	199.5	84.25	50.25	38.75	45.5	54.0	39.75	25.0	11.0	6.25	2.5	1.5	1.75	1.5	1.0	0.75	0.0	0.0	0.25	0.75	0.25	0.25	0.25	0.25	0.0	0.0	0.0	0.0	0.0	0.0	0.0	0.25	0.0	0.0	0.0	0.0	0.0	0.0	0.0	0.0	0.0	0.0	0.0
P9723_1014_S14_L001_R1_001	0.0	0.0	0.0	0.0	0.0	0.0	0.0	0.0	0.0	0.0	0.0	0.0	0.0	0.0	0.0	0.0	0.0	0.0	0.0	0.0	0.0	0.0	0.0	0.0	0.0	0.0	0.0	0.0	0.5	0.5	0.5	4.25	9.0	27.0	52.75	101.5	197.25	294.0	419.25	649.25	695.0	891.5	1251.5	1252.5	1806.0	5098.0	3925.5	9858.5	13932.25	28372.25	8260.25	2011.0	757.5	661.0	195.25	62.75	30.0	22.25	28.0	32.5	25.5	10.25	2.0	0.75	0.0	0.0	0.0	0.0	0.0	0.0	0.0	0.0	0.0	0.0	0.0	0.25	0.0	0.0	0.0	0.0	0.0	0.0	0.0	0.0	0.0	0.0	0.0	0.25	0.5	0.25	0.0	0.0	0.0	0.0	0.0	0.0	0.0	0.0	0.0	0.0	0.0
P9723_1014_S14_L001_R2_001	0.0	0.0	0.0	0.0	0.0	0.0	0.0	0.0	0.0	0.0	0.0	0.0	0.0	0.0	0.0	0.0	0.0	0.0	0.0	0.0	0.0	0.25	0.0	0.0	0.0	0.25	0.0	0.25	0.0	0.25	1.0	1.75	3.0	9.5	18.75	48.0	80.0	152.75	322.75	525.25	699.75	960.25	1289.0	1619.0	2451.0	4148.75	5119.25	8280.0	8795.25	18169.75	22191.25	6175.5	2121.5	1045.5	569.75	223.0	94.25	38.25	28.0	25.25	33.0	34.0	18.25	6.25	3.0	0.75	1.25	0.75	0.75	0.75	0.25	0.5	0.25	1.0	0.5	0.0	0.0	0.0	0.0	0.25	0.0	0.0	0.0	0.0	0.0	0.5	0.0	0.0	0.0	0.0	0.0	0.0	0.0	0.0	0.0	0.0	0.0	0.0	0.0	0.0	0.3333333333333333
P9723_1015_S15_L001_R1_001	0.0	0.0	0.0	0.0	0.0	0.0	0.0	0.0	0.0	0.0	0.0	0.0	0.0	0.0	0.0	0.0	0.0	0.0	0.0	0.0	0.0	0.0	0.0	0.0	0.25	0.0	0.25	0.25	0.5	1.0	0.5	1.25	7.0	19.75	48.0	114.25	225.0	282.75	476.0	794.25	1278.25	1998.25	4374.0	1611.5	2730.75	6614.75	6484.25	11049.5	10127.25	4647.0	1629.5	984.5	874.25	1101.25	683.75	286.5	183.25	367.25	1015.5	194.0	43.5	17.75	3.5	1.25	0.25	0.25	0.25	0.25	0.0	0.0	0.25	0.25	0.0	0.0	0.0	0.5	0.0	0.0	0.5	0.0	0.0	0.0	0.0	0.0	0.0	0.0	0.0	0.0	0.0	0.25	0.25	0.0	0.25	0.25	0.0	0.0	0.0	0.0	0.0	0.0	0.0
P9723_1015_S15_L001_R2_001	0.0	0.0	0.0	0.0	0.0	0.0	0.0	0.0	0.0	0.0	0.0	0.0	0.0	0.0	0.0	0.0	0.0	0.0	0.0	0.0	0.0	0.0	0.25	0.25	0.25	0.25	0.25	0.5	0.5	1.75	2.5	4.5	4.25	10.25	22.5	85.25	104.0	123.0	310.0	522.75	942.5	2157.75	4027.25	1848.75	2176.75	4288.75	7108.25	9364.5	10004.0	5175.25	3212.75	1658.5	1137.25	1043.75	802.25	493.75	225.25	151.0	166.75	256.25	588.25	495.75	255.5	93.0	30.0	11.0	3.0	2.75	1.0	0.25	0.0	0.25	0.75	0.5	0.75	0.5	0.0	0.25	0.25	0.5	0.25	0.25	0.0	0.0	0.0	0.0	0.0	0.0	0.0	0.0	0.0	0.0	0.0	0.0	0.0	0.0	0.0	0.0	0.0	0.0	0.0
P9723_1016_S16_L001_R1_001	0.0	0.0	0.0	0.0	0.0	0.0	0.0	0.0	0.0	0.0	0.0	0.0	0.0	0.0	0.0	0.0	0.0	0.0	0.0	0.0	0.0	0.0	0.0	0.0	0.0	0.25	0.5	0.25	1.75	5.5	5.25	5.5	10.5	22.0	60.5	178.25	278.5	527.0	1252.75	2282.75	5035.75	6856.25	6033.75	5707.75	1707.25	1971.25	3344.5	7430.5	4718.25	2046.0	1730.0	1621.5	1470.75	1425.25	958.5	612.5	922.25	445.75	129.0	35.25	11.5	3.5	1.0	0.25	0.0	0.25	0.25	0.0	0.0	0.5	0.0	0.5	0.25	0.0	0.0	0.0	0.0	0.0	0.0	0.25	0.0	0.0	0.0	0.0	0.0	0.0	0.25	0.0	0.0	0.0	0.25	0.0	0.0	0.25	0.25	0.0	0.0	0.0	0.0	0.0	0.3333333333333333
P9723_1016_S16_L001_R2_001	0.0	0.0	0.0	0.0	0.0	0.0	0.0	0.0	0.0	0.0	0.0	0.0	0.0	0.0	0.0	0.0	0.0	0.0	0.0	0.0	0.0	0.0	0.0	0.0	0.25	0.0	0.75	0.75	1.75	2.75	6.0	5.25	9.5	14.75	51.0	122.0	208.25	437.75	1300.25	1886.25	1823.75	2341.25	6928.75	9200.5	4458.25	2744.5	3183.75	4992.5	6338.5	3223.75	2193.5	1816.0	1417.0	1328.25	1146.25	766.5	440.25	599.0	581.75	390.5	167.25	64.5	23.75	6.5	4.75	1.75	1.25	0.25	0.0	0.25	0.25	0.5	0.0	0.5	0.25	0.25	0.5	0.0	0.0	0.0	0.0	0.0	0.0	0.0	0.0	0.0	0.25	0.25	0.0	0.0	0.0	0.0	0.0	0.0	0.0	0.0	0.0	0.0	0.0	0.0	0.0
P9723_1017_S17_L001_R1_001	0.0	0.0	0.0	0.0	0.0	0.0	0.0	0.0	0.0	0.0	0.0	0.0	0.0	0.0	0.0	0.0	0.0	0.0	0.0	0.0	0.0	0.0	0.0	0.0	0.0	0.0	0.0	0.5	1.5	1.75	1.25	4.0	7.25	23.25	56.0	127.5	237.25	457.5	829.25	1392.25	1831.5	1220.5	1052.75	1465.25	2599.75	3372.5	4476.0	4731.75	22654.75	12263.25	2814.0	1238.25	941.75	482.25	262.75	135.25	62.25	32.0	8.0	9.0	6.25	1.5	1.25	0.25	0.0	0.0	0.5	0.0	0.25	0.0	0.0	0.0	0.25	0.0	0.25	0.0	0.0	0.0	0.25	0.25	0.0	0.0	0.0	0.25	0.25	0.5	0.0	0.0	0.0	0.25	0.0	0.25	0.25	0.0	0.0	0.0	0.0	0.0	0.0	0.0	0.0
P9723_1017_S17_L001_R2_001	0.0	0.0	0.0	0.0	0.0	0.0	0.0	0.0	0.0	0.0	0.0	0.0	0.0	0.0	0.0	0.0	0.0	0.0	0.0	0.0	0.0	0.0	0.0	0.25	0.0	0.25	0.0	0.5	1.0	1.5	2.0	2.75	3.5	9.25	25.5	57.0	118.5	266.0	623.5	1180.0	1792.5	1317.25	1192.5	1701.25	3020.75	4948.5	5156.25	8717.75	16222.75	12095.25	5182.25	2026.75	1195.75	657.25	342.0	215.5	103.0	55.5	30.25	12.75	6.25	8.75	5.75	4.0	2.0	1.75	0.5	0.25	0.25	0.25	0.75	0.0	0.25	0.5	0.0	0.0	0.0	0.25	0.25	0.0	0.0	0.25	0.0	0.0	0.0	0.0	0.0	0.0	0.0	0.5	0.25	0.0	0.0	0.25	0.5	0.0	0.0	0.0	0.0	0.0	0.0
P9723_1018_S18_L001_R1_001	0.0	0.0	0.0	0.0	0.0	0.0	0.0	0.0	0.0	0.0	0.0	0.0	0.0	0.0	0.0	0.0	0.0	0.0	0.0	0.0	0.0	0.0	0.0	0.0	0.0	0.0	0.0	0.0	0.0	0.25	0.5	1.5	8.25	28.25	56.25	91.75	176.0	257.0	358.75	620.75	724.25	846.25	1210.5	1515.25	1576.25	3437.25	22185.75	21355.0	8815.0	16887.75	2904.25	970.75	592.5	295.75	138.75	19.25	10.75	5.25	2.75	1.0	1.0	0.75	0.0	0.5	0.25	0.25	0.0	0.0	0.0	0.0	0.0	0.25	0.0	0.25	0.0	0.25	0.0	0.25	0.0	0.25	0.0	0.25	0.25	0.0	0.25	0.0	0.0	0.0	0.0	0.25	0.0	0.0	0.0	0.0	0.25	0.25	0.0	0.0	0.0	0.0	0.0
P9723_1018_S18_L001_R2_001	0.0	0.0	0.0	0.0	0.0	0.0	0.0	0.0	0.0	0.0	0.0	0.0	0.0	0.0	0.0	0.0	0.0	0.0	0.0	0.0	0.0	0.0	0.0	0.0	0.0	0.0	0.0	0.25	0.0	0.0	0.75	1.5	4.0	8.25	23.75	59.5	83.75	164.0	331.75	500.0	633.0	738.25	1015.5	1309.25	1184.5	1675.5	3366.0	18539.0	20521.5	15523.5	13741.75	3449.75	1446.5	667.5	321.25	135.25	46.25	22.5	10.25	6.0	1.75	2.25	2.25	1.5	1.25	1.25	0.75	0.25	0.75	0.25	0.75	0.25	0.0	0.5	0.25	0.25	0.25	0.0	0.0	0.25	0.0	0.0	0.25	0.0	0.0	0.0	0.25	0.0	0.25	0.25	0.0	0.0	0.0	0.0	0.0	0.0	0.0	0.25	0.25	0.0	0.0
P9723_1019_S19_L001_R1_001	0.0	0.0	0.0	0.0	0.0	0.0	0.0	0.0	0.0	0.0	0.0	0.0	0.0	0.0	0.0	0.0	0.0	0.0	0.0	0.0	0.0	0.0	0.0	0.0	0.0	0.0	0.0	0.0	0.0	1.25	2.5	2.5	8.75	24.25	57.0	137.25	317.75	1084.5	3978.5	1014.0	1081.25	2680.75	4784.0	2188.75	3467.75	7008.75	7140.5	11060.5	9224.75	1361.25	1115.5	898.75	731.5	917.75	411.5	168.75	30.75	39.25	46.0	9.0	1.75	0.75	0.75	0.25	1.0	0.0	0.0	0.0	0.0	0.0	0.25	0.75	0.25	0.0	0.0	0.0	0.0	0.0	0.0	0.0	0.0	0.25	0.25	0.0	0.25	0.0	0.0	0.25	0.25	0.0	0.0	0.0	0.0	0.0	0.0	0.0	0.0	0.0	0.0	0.0	0.0
P9723_1019_S19_L001_R2_001	0.0	0.0	0.0	0.0	0.0	0.0	0.0	0.0	0.0	0.0	0.0	0.0	0.0	0.0	0.0	0.0	0.0	0.0	0.0	0.0	0.0	0.0	0.0	0.0	0.0	0.0	0.25	0.5	0.5	0.75	2.25	3.75	8.5	14.75	35.25	95.0	194.5	372.75	888.5	3001.25	2913.0	2162.25	4096.75	3263.75	3013.0	4498.75	7362.5	8203.5	8840.5	3674.0	1953.5	1323.25	943.25	879.0	632.0	322.25	138.25	49.0	23.25	20.5	33.25	25.5	10.5	3.5	1.25	0.5	0.5	0.5	0.5	0.25	0.0	0.5	0.5	0.25	0.25	0.25	0.0	0.5	0.5	0.0	0.25	0.25	0.0	0.0	0.0	0.0	0.25	0.25	0.0	0.0	0.0	0.25	0.25	0.25	0.25	0.25	0.0	0.0	0.0	0.0	0.0
P9723_1020_S20_L001_R1_001	0.0	0.0	0.0	0.0	0.0	0.0	0.0	0.0	0.0	0.0	0.0	0.0	0.0	0.0	0.0	0.0	0.0	0.0	0.0	0.0	0.0	0.0	0.0	0.0	0.0	0.25	0.75	0.75	1.75	20.25	15.0	5.0	11.25	22.5	73.25	204.5	294.5	454.25	987.5	1975.25	3136.0	3717.0	1846.75	1165.75	1773.0	2979.5	8160.75	15579.5	5860.0	3351.75	1948.5	2329.5	2786.0	961.5	504.75	386.25	160.5	335.25	381.5	58.5	16.75	3.25	1.25	0.5	0.5	0.5	0.5	0.25	0.25	0.75	0.5	0.25	0.0	0.5	0.75	0.25	0.0	0.25	0.0	0.0	0.0	0.25	0.25	0.0	0.25	0.0	0.0	0.0	0.0	0.0	0.0	0.0	0.0	0.0	0.0	0.0	0.0	0.0	0.0	0.25	0.0
P9723_1020_S20_L001_R2_001	0.0	0.0	0.0	0.0	0.0	0.0	0.0	0.0	0.0	0.0	0.0	0.0	0.0	0.0	0.0	0.0	0.0	0.0	0.0	0.0	0.0	0.0	0.0	0.0	0.0	1.0	1.25	3.0	4.25	8.75	16.0	3.25	6.25	10.25	28.5	85.25	158.25	350.5	994.25	1380.25	1487.0	1626.25	2793.0	3139.75	2129.25	3676.75	6400.75	9361.25	11824.0	5144.25	3540.0	3456.25	2477.75	1902.5	1000.75	577.75	283.25	135.0	95.25	132.0	228.25	148.25	62.0	15.0	4.25	2.75	1.25	0.5	0.75	0.75	0.5	0.0	0.25	0.25	0.75	1.0	0.5	0.25	0.0	0.25	0.25	0.25	0.25	0.0	0.0	0.25	0.0	0.0	0.0	0.0	0.0	0.0	0.0	0.25	0.5	0.0	0.25	0.0	0.0	0.0	0.3333333333333333
P9723_1021_S21_L001_R1_001	0.0	0.0	0.0	0.0	0.0	0.0	0.0	0.0	0.0	0.0	0.0	0.0	0.0	0.0	0.0	0.0	0.0	0.0	0.0	0.0	0.0	0.0	0.0	0.0	0.5	1.0	0.25	0.0	0.75	1.0	1.5	2.5	6.25	20.0	42.75	83.5	176.25	345.5	594.0	1050.5	1566.75	1044.25	954.75	1315.75	2507.75	3423.25	4669.25	5741.5	29279.25	15282.25	3376.5	1473.75	1059.75	510.75	296.25	206.75	133.0	68.0	15.25	11.25	7.0	3.0	7.75	6.25	4.75	4.75	2.5	1.0	0.75	0.25	0.25	0.75	0.75	0.25	0.25	0.25	0.0	0.0	0.25	0.0	0.0	0.0	0.25	0.0	0.0	0.0	0.0	0.0	0.0	0.0	0.0	0.0	0.0	0.0	0.0	0.0	0.0	0.0	0.0	0.0	0.0
P9723_1021_S21_L001_R2_001	0.0	0.0	0.0	0.0	0.0	0.0	0.0	0.0	0.0	0.0	0.0	0.0	0.0	0.0	0.0	0.0	0.0	0.0	0.0	0.0	0.25	0.5	0.5	0.5	0.0	0.0	0.25	0.25	1.0	0.75	1.5	2.5	3.25	8.25	24.0	49.75	106.25	219.5	496.5	908.25	1479.5	1101.75	1033.0	1575.5	2915.75	4859.75	5563.0	10386.25	20797.5	15824.0	6491.25	2497.0	1402.0	782.75	393.75	266.5	174.75	107.75	53.25	19.25	12.75	10.25	8.25	6.5	8.5	5.25	6.0	3.0	2.5	1.0	0.25	0.0	0.5	0.5	0.5	1.0	1.0	1.25	0.25	0.25	0.0	0.0	0.25	0.0	0.0	0.0	0.0	0.0	0.25	0.25	0.0	0.0	0.0	0.0	0.25	0.0	0.0	0.0	0.0	0.0	0.0
P9723_1022_S22_L001_R1_001	0.0	0.0	0.0	0.0	0.0	0.0	0.0	0.0	0.0	0.0	0.0	0.0	0.0	0.0	0.0	0.0	0.0	0.0	0.0	0.0	0.0	0.0	0.0	0.0	0.0	0.0	0.0	0.0	0.0	0.0	0.75	2.25	9.5	27.0	57.5	99.75	184.0	283.25	427.0	649.0	734.5	846.0	1138.0	1420.0	1577.25	3320.0	21407.25	20442.0	8407.25	15721.5	2735.5	1015.75	759.75	722.25	270.0	54.5	18.5	11.75	6.5	2.75	1.75	0.75	0.25	0.25	0.75	1.0	0.25	0.0	0.0	0.75	0.25	0.25	0.75	0.25	0.0	0.0	0.0	0.0	0.25	0.0	0.5	0.0	0.0	0.0	0.0	0.25	0.0	0.0	0.25	0.0	0.0	0.0	0.0	0.0	0.0	0.25	0.0	0.0	0.25	0.25	0.0
P9723_1022_S22_L001_R2_001	0.0	0.0	0.0	0.0	0.0	0.0	0.0	0.0	0.0	0.0	0.0	0.0	0.0	0.0	0.0	0.0	0.0	0.0	0.0	0.0	0.0	0.0	0.0	0.0	0.0	0.0	0.0	0.0	0.25	0.25	0.75	0.75	2.75	5.75	24.75	49.5	79.25	165.75	350.0	533.75	635.0	733.0	974.75	1246.75	1207.0	1761.75	3432.5	17614.75	19651.25	14420.0	12750.5	3393.5	1564.25	971.25	552.75	222.0	86.5	37.5	18.25	9.0	5.0	4.0	3.75	1.75	0.75	1.25	1.25	1.25	0.75	1.25	0.0	0.0	0.5	0.5	0.0	0.25	1.0	0.5	0.5	0.0	0.0	0.25	0.0	0.0	0.0	0.25	0.25	0.0	0.0	0.5	0.25	0.25	0.0	0.0	0.25	0.0	0.25	0.0	0.0	0.0	0.6666666666666666
P9723_1023_S23_L001_R1_001	0.0	0.0	0.0	0.0	0.0	0.0	0.0	0.0	0.0	0.0	0.0	0.0	0.0	0.0	0.0	0.0	0.0	0.0	0.0	0.0	0.0	0.0	0.0	0.0	0.0	0.0	0.0	0.0	0.0	1.0	2.0	2.0	6.0	22.75	49.25	127.25	299.5	947.0	3536.75	927.25	1031.75	2637.0	4748.75	2121.25	3404.25	6757.0	6947.5	10845.75	9068.75	1395.25	1152.25	882.25	843.5	1407.5	1077.0	374.75	60.25	79.0	92.75	16.5	4.5	2.5	1.5	0.0	0.0	0.0	0.0	0.0	0.0	0.0	0.0	0.25	0.0	0.25	0.25	0.0	0.0	0.0	0.25	0.0	0.0	0.0	0.0	0.25	0.25	0.25	0.0	0.0	0.0	0.0	0.0	0.0	0.0	0.0	0.0	0.0	0.0	0.25	0.0	0.0	0.0
P9723_1023_S23_L001_R2_001	0.0	0.0	0.0	0.0	0.0	0.0	0.0	0.0	0.0	0.0	0.0	0.0	0.0	0.0	0.0	0.0	0.0	0.0	0.0	0.0	0.0	0.0	0.0	0.0	0.0	0.0	0.0	0.25	1.0	1.25	2.5	1.5	4.5	15.25	26.75	73.75	151.0	300.25	705.75	2618.5	2495.75	1947.25	4076.75	3108.75	2695.5	3802.75	7021.25	9238.75	9220.0	3610.5	1926.25	1323.75	1010.75	1203.75	1170.25	719.75	299.0	117.25	44.5	39.0	63.0	48.5	17.5	7.5	2.0	1.5	0.75	0.5	0.5	0.75	0.5	0.75	0.75	0.0	0.25	0.0	0.5	0.5	0.0	0.0	0.0	0.0	0.0	0.25	0.25	0.25	0.0	0.0	0.5	0.0	0.0	0.0	0.25	0.0	0.0	0.0	0.0	0.0	0.0	0.0	0.0
P9723_1024_S24_L001_R1_001	0.0	0.0	0.0	0.0	0.0	0.0	0.0	0.0	0.0	0.0	0.0	0.0	0.0	0.0	0.0	0.0	0.0	0.0	0.0	0.0	0.0	0.0	0.0	0.0	0.0	0.0	0.0	0.0	0.75	11.75	11.25	3.75	8.0	21.25	56.5	171.25	253.0	339.0	816.0	1773.0	3022.25	3567.0	1713.25	1020.5	1569.75	2733.5	7592.75	14404.25	5343.25	3284.5	2020.75	2579.0	3959.75	1855.25	1007.75	792.25	1267.75	2196.0	924.5	147.5	78.0	16.0	3.75	1.5	1.75	0.75	1.0	0.75	0.5	0.75	0.0	0.0	0.0	0.0	0.0	0.0	0.25	0.0	0.0	0.25	0.0	0.0	0.0	0.0	0.0	0.0	0.25	0.25	0.0	0.25	0.25	0.25	0.25	0.0	0.0	0.0	0.0	0.0	0.0	0.0	0.0
P9723_1024_S24_L001_R2_001	0.0	0.0	0.0	0.0	0.0	0.0	0.0	0.0	0.0	0.0	0.0	0.0	0.0	0.0	0.0	0.0	0.0	0.0	0.0	0.25	0.0	0.0	0.0	0.0	0.0	1.5	0.5	1.0	3.25	6.25	9.5	5.25	6.25	15.0	37.25	92.0	166.25	362.5	1012.75	1526.0	1249.0	1466.0	2549.75	2943.75	1923.0	3317.75	5918.25	8472.25	10773.75	4847.75	3546.0	3602.0	3234.75	2924.5	1645.5	1013.5	600.0	416.0	815.75	1380.0	1070.25	488.75	165.5	55.75	19.0	6.75	3.0	2.0	0.5	0.25	0.5	0.25	0.0	0.0	1.0	0.25	1.25	0.5	0.0	0.25	0.0	0.0	0.0	0.5	1.0	0.25	0.0	0.0	0.5	0.25	0.0	0.0	0.0	0.0	0.0	0.0	0.0	0.0	0.0	0.0	0.0
P9723_1025_S25_L001_R1_001	0.0	0.0	0.0	0.0	0.0	0.0	0.0	0.0	0.0	0.0	0.0	0.0	0.0	0.0	0.0	0.0	0.0	0.0	0.0	0.0	0.0	0.0	0.25	0.5	0.0	0.75	0.0	0.25	1.75	3.5	2.0	4.5	8.25	25.75	58.0	122.25	176.5	272.5	656.25	792.25	1148.5	1010.75	1089.0	1139.75	2171.25	4270.75	5215.5	9325.75	21607.75	15272.5	2372.75	3114.75	1123.25	449.5	240.75	99.75	56.0	16.5	5.5	5.75	1.75	0.25	0.0	0.0	0.0	0.0	0.0	0.0	0.0	0.0	0.0	0.25	0.0	0.0	0.0	0.0	0.0	0.0	0.25	0.25	0.0	0.0	0.0	0.0	0.0	0.0	0.0	0.0	0.0	0.0	0.0	0.0	0.0	0.25	0.25	0.0	0.0	0.0	0.0	0.0	0.0
P9723_1025_S25_L001_R2_001	0.0	0.0	0.0	0.0	0.0	0.0	0.0	0.0	0.0	0.0	0.0	0.0	0.0	0.0	0.0	0.0	0.0	0.0	0.0	0.0	0.0	0.0	0.0	0.25	0.0	0.25	0.25	1.25	1.75	3.0	5.5	3.25	6.25	12.75	38.5	88.5	132.25	267.5	596.75	790.0	1055.5	1053.5	1085.75	1500.75	2559.5	4393.0	5220.0	8798.75	12448.0	13583.25	8366.25	3256.5	1481.75	689.5	364.75	201.5	84.75	36.25	15.75	9.5	6.75	5.0	4.0	0.75	1.25	0.25	1.0	0.5	0.5	0.5	0.5	0.25	0.25	0.0	0.5	0.75	0.0	0.0	0.0	0.0	0.0	0.0	0.0	0.0	0.0	0.0	0.25	0.25	0.25	0.0	0.0	0.0	0.0	0.0	0.0	0.0	0.25	0.0	0.0	0.0	0.0
P9723_1026_S26_L001_R1_001	0.0	0.0	0.0	0.0	0.0	0.0	0.0	0.0	0.0	0.0	0.0	0.0	0.0	0.0	0.0	0.0	0.0	0.0	0.0	0.0	0.0	0.0	0.0	0.0	0.0	0.0	0.0	0.0	0.0	0.75	2.5	4.0	58.5	67.5	41.5	72.5	156.75	302.75	519.5	1014.25	1104.5	1008.25	1110.5	1891.25	5833.25	3128.0	3686.0	3186.75	24325.75	23817.5	2893.75	1120.0	923.75	2972.5	3657.5	1217.75	278.75	54.75	17.5	7.0	2.0	0.25	0.25	0.25	0.0	0.0	0.0	0.0	0.0	0.25	0.5	0.25	0.25	0.25	0.0	0.25	0.25	0.0	0.0	0.0	0.0	0.0	0.0	0.0	0.0	0.0	0.0	0.0	0.0	0.25	0.0	0.0	0.0	0.25	0.25	0.0	0.0	0.0	0.0	0.0	0.0
P9723_1026_S26_L001_R2_001	0.0	0.0	0.0	0.0	0.0	0.0	0.0	0.0	0.0	0.0	0.0	0.0	0.0	0.0	0.0	0.0	0.0	0.0	0.0	0.0	0.0	0.0	0.0	0.0	0.0	0.0	0.0	0.75	1.0	2.0	5.5	7.5	42.0	49.75	24.5	47.0	114.25	230.5	497.0	836.25	1005.5	1018.5	1088.25	1387.25	1965.0	3715.75	6791.5	10218.75	21114.5	11972.5	3082.5	1210.25	946.25	1233.5	3266.75	2421.75	918.0	298.75	107.75	36.5	19.0	12.0	6.25	2.0	1.75	1.25	0.75	0.0	0.5	0.0	0.0	0.25	0.5	0.25	0.5	0.5	0.75	0.25	0.25	0.0	0.25	0.25	0.0	0.25	0.0	0.0	0.0	0.0	0.0	0.0	0.0	0.0	0.0	0.0	0.0	0.0	0.0	0.0	0.0	0.0	0.0
P9723_1027_S27_L001_R1_001	0.0	0.0	0.0	0.0	0.0	0.0	0.0	0.0	0.0	0.0	0.0	0.0	0.0	0.0	0.0	0.0	0.0	0.0	0.0	0.0	0.0	0.0	0.0	0.0	0.0	0.0	0.0	0.75	1.5	1.0	1.25	6.25	9.25	26.75	54.75	120.25	267.75	613.75	1103.0	1591.75	3343.0	19256.0	12107.75	2148.25	2377.5	6039.75	6917.5	3425.25	7646.75	5783.25	1243.5	1526.25	1250.25	624.25	137.0	58.75	36.25	15.0	3.5	2.5	3.0	0.75	1.75	0.75	0.25	0.25	0.25	0.5	0.5	1.0	0.5	0.5	0.0	0.0	0.0	0.0	0.0	0.0	0.0	0.0	0.0	0.0	0.0	0.0	0.0	0.0	0.0	0.0	0.0	0.0	0.25	0.0	0.0	0.25	0.0	0.0	0.25	0.0	0.0	0.0	0.0
P9723_1027_S27_L001_R2_001	0.0	0.0	0.0	0.0	0.0	0.0	0.0	0.0	0.0	0.0	0.0	0.0	0.0	0.0	0.0	0.0	0.0	0.0	0.0	0.0	0.0	0.0	0.25	0.0	0.0	1.5	2.5	4.0	4.75	8.25	11.75	13.5	24.0	40.5	66.0	146.25	265.5	559.25	1237.5	2857.75	7304.25	15703.75	9032.5	2566.5	3098.25	6288.0	6930.5	5449.25	6441.75	3374.75	1499.25	1213.25	1136.5	641.25	325.75	141.75	66.5	30.5	16.0	8.25	3.75	2.25	4.0	2.5	1.25	1.25	0.5	0.5	0.5	0.0	0.5	0.75	0.0	0.25	0.75	0.75	0.5	0.25	0.0	0.25	0.25	0.25	0.0	0.0	0.0	0.0	0.0	0.0	0.0	0.0	0.0	0.0	0.0	0.0	0.0	0.0	0.0	0.0	0.0	0.0	0.0
P9723_1028_S28_L001_R1_001	0.0	0.0	0.0	0.0	0.0	0.0	0.0	0.0	0.0	0.0	0.0	0.0	0.0	0.0	0.0	0.0	0.0	0.0	0.0	0.0	0.0	0.0	0.0	0.0	0.0	0.5	0.0	2.0	5.0	15.25	11.0	5.25	12.25	33.75	62.75	146.5	210.5	384.25	848.0	1501.5	2156.0	2284.0	1908.5	2475.5	8066.75	3487.25	4914.5	8181.5	3759.25	2091.5	1516.25	1959.75	1481.5	939.5	347.75	210.0	137.25	271.5	191.5	57.75	12.75	4.5	1.5	0.25	0.0	0.25	0.5	0.25	0.25	0.0	0.5	0.25	0.25	0.5	0.0	0.0	0.25	0.25	0.0	0.25	0.25	0.0	0.0	0.0	0.0	0.0	0.0	0.0	0.0	0.0	0.0	0.0	0.25	0.0	0.0	0.25	0.25	0.25	0.0	0.0	0.0
P9723_1028_S28_L001_R2_001	0.0	0.0	0.0	0.0	0.0	0.0	0.0	0.0	0.0	0.0	0.0	0.0	0.0	0.0	0.0	0.0	0.0	0.0	0.0	0.0	0.0	0.0	0.0	1.0	0.5	1.5	3.0	3.5	5.0	12.0	10.5	7.75	12.5	22.5	49.5	104.0	172.25	381.5	842.75	1044.25	1267.0	1470.5	1951.5	2272.0	2751.25	4883.75	7316.75	6834.25	6239.5	3707.75	2575.5	2358.5	1698.25	1362.75	912.5	486.25	263.75	148.0	145.0	130.75	105.5	82.0	44.25	20.5	7.5	3.0	1.25	0.25	0.75	0.75	0.5	0.5	0.5	0.5	0.5	1.0	0.25	0.0	0.0	0.0	0.0	0.25	0.0	0.0	0.0	0.0	0.0	0.0	0.25	0.25	0.0	0.0	0.25	0.0	0.0	0.0	0.0	0.0	0.25	0.0	0.0
P9723_1029_S29_L001_R1_001	0.0	0.0	0.0	0.0	0.0	0.0	0.0	0.0	0.0	0.0	0.0	0.0	0.0	0.0	0.0	0.0	0.0	0.0	0.0	0.0	0.0	0.0	0.0	0.25	0.25	0.0	0.0	0.25	0.5	4.75	2.25	6.0	10.25	30.0	69.25	155.75	208.0	315.0	748.25	893.5	1269.5	1114.0	1196.25	1315.0	2417.75	4489.25	5639.75	10594.75	24814.0	18046.0	2669.75	3154.5	1719.5	852.25	406.75	288.25	306.0	127.5	18.25	19.25	42.0	7.5	4.0	1.5	0.25	0.5	0.0	0.0	0.25	0.5	0.25	0.5	0.25	0.5	0.0	0.0	0.0	0.0	0.25	0.0	0.0	0.0	0.0	0.0	0.25	0.0	0.0	0.0	0.0	0.0	0.0	0.0	0.25	0.25	0.0	0.0	0.25	0.25	0.0	0.0	0.0
P9723_1029_S29_L001_R2_001	0.0	0.0	0.0	0.0	0.0	0.0	0.0	0.0	0.0	0.0	0.0	0.0	0.0	0.0	0.0	0.0	0.0	0.0	0.0	0.0	0.0	0.0	0.25	0.5	0.5	0.5	0.25	0.0	1.5	1.5	4.75	8.75	10.0	21.25	53.75	111.0	168.75	314.25	657.75	884.5	1197.25	1146.5	1241.0	1678.0	2754.0	4503.25	5410.0	9184.5	13612.5	16352.25	10052.75	3893.5	2096.75	1190.0	628.75	425.0	305.5	200.25	105.25	49.0	37.5	29.75	16.0	7.25	2.25	2.25	1.0	1.25	1.0	0.75	0.5	0.5	0.25	0.25	0.5	0.25	0.25	0.25	0.5	0.25	0.0	0.0	0.0	0.0	0.0	0.0	0.25	0.0	0.0	0.0	0.0	0.0	0.0	0.0	0.0	0.0	0.0	0.0	0.0	0.0	0.0
P9723_1030_S30_L001_R1_001	0.0	0.0	0.0	0.0	0.0	0.0	0.0	0.0	0.0	0.0	0.0	0.0	0.0	0.0	0.0	0.0	0.0	0.0	0.0	0.0	0.0	0.0	0.0	0.0	0.0	0.0	0.0	0.0	0.25	0.75	1.25	6.0	41.0	44.0	21.25	39.0	76.25	147.75	267.75	474.0	586.25	629.5	793.75	1351.5	2783.75	2097.75	2424.25	2576.75	10539.0	9848.75	1502.75	709.0	617.25	1278.0	1615.5	818.0	267.5	56.0	16.25	6.75	3.25	0.0	1.0	1.0	1.25	0.5	0.0	0.0	0.0	0.5	1.0	0.75	0.5	0.5	0.5	0.0	0.0	0.0	0.0	0.0	0.0	0.0	0.0	0.0	0.25	0.5	0.0	0.0	0.0	0.0	0.0	0.0	0.0	0.25	0.0	0.0	0.0	0.0	0.0	0.0	0.0
P9723_1030_S30_L001_R2_001	0.0	0.0	0.0	0.0	0.0	0.0	0.0	0.0	0.0	0.0	0.0	0.0	0.0	0.0	0.0	0.0	0.0	0.0	0.0	0.0	0.0	0.0	0.0	0.0	0.75	0.5	0.25	2.75	4.5	5.75	10.0	18.75	25.5	24.75	33.25	52.0	97.75	173.25	282.75	355.5	437.5	549.0	735.5	1038.0	1551.0	2618.75	4145.25	6646.5	8037.0	4549.5	1698.5	814.75	567.5	580.25	847.25	1190.75	1058.0	703.0	363.25	160.5	66.0	27.75	16.5	3.75	2.0	1.25	1.0	1.25	1.25	1.0	0.75	0.25	0.25	1.25	1.25	0.75	0.75	1.25	0.0	0.25	0.25	0.0	0.0	0.0	0.0	0.25	0.5	0.0	0.0	0.0	0.25	0.25	0.0	0.0	0.0	0.0	0.0	0.0	0.0	0.0	0.0
P9723_1031_S31_L001_R1_001	0.0	0.0	0.0	0.0	0.0	0.0	0.0	0.0	0.0	0.0	0.0	0.0	0.0	0.0	0.0	0.0	0.0	0.0	0.0	0.0	0.0	0.0	0.0	0.0	0.25	0.25	0.25	0.5	0.5	0.75	1.75	4.75	9.75	24.75	52.75	108.5	228.5	557.0	1021.75	1377.25	2869.25	15573.75	9846.0	1916.5	2154.0	5398.25	6388.75	3141.0	6664.5	5166.75	1200.25	1435.0	1212.5	921.5	404.0	125.5	69.25	33.25	6.0	5.75	7.75	3.75	6.0	1.5	0.0	0.0	0.0	0.0	0.0	0.0	0.0	0.0	0.0	0.0	0.25	0.25	0.0	0.0	0.0	0.0	0.0	0.0	0.0	0.0	0.0	0.5	0.25	0.0	0.0	0.0	0.0	0.0	0.0	0.0	0.0	0.0	0.0	0.25	0.25	0.0	0.0
P9723_1031_S31_L001_R2_001	0.0	0.0	0.0	0.0	0.0	0.0	0.0	0.0	0.0	0.0	0.0	0.0	0.0	0.0	0.0	0.0	0.0	0.0	0.0	0.0	0.0	0.0	0.0	0.25	0.25	0.75	1.75	2.25	6.25	8.5	8.5	11.75	15.0	25.25	46.75	102.75	178.75	339.75	755.5	1783.0	4517.75	12053.25	9850.0	2529.25	2269.75	4758.0	6677.75	5153.0	5956.5	3947.75	1630.5	1287.75	1168.25	882.5	574.75	304.75	123.5	55.5	31.5	17.0	9.5	7.5	5.25	3.5	3.25	1.75	0.5	0.25	0.25	0.25	0.0	0.0	0.25	0.0	0.0	0.0	0.0	0.25	0.0	0.0	0.25	0.0	0.0	0.0	0.25	0.0	0.0	0.0	0.0	0.0	0.0	0.0	0.0	0.0	0.0	0.0	0.0	0.0	0.0	0.0	0.0
P9723_1032_S32_L001_R1_001	0.0	0.0	0.0	0.0	0.0	0.0	0.0	0.0	0.0	0.0	0.0	0.0	0.0	0.0	0.0	0.0	0.0	0.0	0.0	0.0	0.0	0.0	0.0	0.0	0.0	0.0	0.25	1.5	4.75	14.0	11.25	5.25	7.0	20.75	49.75	118.75	198.25	320.75	652.75	1233.75	1770.25	1908.0	1486.75	1799.0	6390.75	2658.0	3849.25	6784.25	3068.5	1723.0	1261.75	1711.25	1773.0	1355.0	588.5	334.75	375.75	627.5	271.75	66.75	29.75	6.25	0.5	1.0	0.25	0.0	0.0	0.25	0.5	0.0	0.25	0.25	0.0	0.0	0.0	0.0	0.0	0.0	0.0	0.0	0.0	0.25	0.0	0.0	0.0	0.0	0.0	0.0	0.0	0.0	0.0	0.0	0.0	0.0	0.0	0.0	0.0	0.0	0.0	0.0	0.0
P9723_1032_S32_L001_R2_001	0.0	0.0	0.0	0.0	0.0	0.0	0.0	0.0	0.0	0.0	0.0	0.0	0.0	0.0	0.0	0.0	0.0	0.0	0.0	0.0	0.0	0.0	0.0	0.0	0.25	0.5	0.75	2.0	3.0	8.0	10.25	7.5	11.25	12.25	28.5	84.25	142.5	274.5	682.0	1047.25	1030.75	1157.75	1597.5	1769.75	1971.5	3904.0	6307.5	5760.5	5276.75	2674.5	2122.0	2049.5	1629.5	1613.5	1009.0	554.5	274.25	182.0	306.25	353.75	253.75	127.75	48.25	19.5	7.0	3.75	0.75	0.0	0.25	0.0	0.25	0.25	0.25	0.25	0.25	0.25	0.5	0.0	0.25	0.25	0.0	0.0	0.0	0.5	1.0	0.5	0.0	0.0	0.0	0.25	0.0	0.0	0.0	0.25	0.0	0.0	0.0	0.0	0.0	0.0	0.0
P9723_1033_S33_L001_R1_001	0.0	0.0	0.0	0.0	0.0	0.0	0.0	0.0	0.0	0.0	0.0	0.0	0.0	0.0	0.0	0.0	0.0	0.0	0.0	0.0	0.0	0.0	0.0	0.0	0.0	0.5	0.25	0.5	4.5	4.25	4.0	4.5	8.75	49.75	65.0	93.25	229.25	310.5	549.0	649.5	1144.75	1156.5	2017.25	1363.0	2624.25	5365.75	4499.75	6693.75	10651.75	9177.75	4839.0	4208.25	1824.75	734.25	500.75	263.0	164.25	25.5	8.75	7.5	2.0	2.0	1.25	0.0	0.25	0.5	0.5	0.0	0.0	0.0	0.0	0.0	0.0	0.25	0.0	0.25	0.25	0.0	0.0	0.0	0.0	0.0	0.0	0.0	0.0	0.0	0.0	0.5	0.0	0.0	0.0	0.0	0.0	0.0	0.0	0.0	0.0	0.0	0.0	0.0	0.0
P9723_1033_S33_L001_R2_001	0.0	0.0	0.0	0.0	0.0	0.0	0.0	0.0	0.0	0.0	0.0	0.0	0.0	0.0	0.0	0.0	0.0	0.0	0.0	0.0	0.0	0.0	0.0	0.0	0.0	1.0	1.25	1.5	3.25	5.5	2.5	5.75	9.0	36.0	49.75	95.75	152.5	250.0	480.0	652.75	1140.5	1375.25	1717.25	1712.5	2659.25	4780.5	4805.25	5338.5	6705.0	7580.75	7554.5	4122.5	3002.0	2146.25	1389.25	734.25	334.75	203.5	113.25	46.75	20.5	11.0	5.75	2.75	1.5	0.25	1.25	2.0	0.0	0.0	0.25	0.5	0.5	0.75	0.25	0.0	0.0	0.0	0.0	0.0	0.25	0.0	0.0	0.0	0.25	0.25	0.0	0.0	0.0	0.25	0.25	0.0	0.0	0.0	0.0	0.0	0.0	0.0	0.0	0.0	0.0
P9723_1034_S34_L001_R1_001	0.0	0.0	0.0	0.0	0.0	0.0	0.0	0.0	0.0	0.0	0.0	0.0	0.0	0.0	0.0	0.0	0.0	0.0	0.0	0.0	0.25	0.5	0.0	0.0	0.75	0.25	0.75	1.25	1.5	7.0	11.75	11.5	14.5	73.75	169.5	223.0	361.25	654.75	2422.25	2330.25	5161.0	1890.5	1661.25	1647.0	2790.5	4466.25	7716.0	3548.75	4614.5	9411.75	5791.25	2161.75	4161.0	1411.5	1700.0	660.75	179.5	44.75	14.75	7.0	8.5	4.0	1.25	0.0	0.0	0.75	0.25	0.25	0.5	0.0	0.0	0.0	0.0	0.5	0.0	0.0	0.25	0.0	0.25	1.0	0.25	0.0	0.0	0.0	0.5	0.0	0.0	0.0	0.0	0.0	0.25	0.0	0.0	0.0	0.0	0.0	0.0	0.0	0.0	0.0	0.0
P9723_1034_S34_L001_R2_001	0.0	0.0	0.0	0.0	0.0	0.0	0.0	0.0	0.0	0.0	0.0	0.0	0.0	0.0	0.0	0.0	0.0	0.0	0.25	0.5	0.0	0.0	0.25	0.25	0.5	0.75	2.0	2.75	2.75	4.75	13.25	11.0	24.0	68.75	141.75	181.75	264.75	616.75	2158.75	2112.0	4544.25	3366.0	1852.0	2016.25	2135.75	2332.5	3743.75	5925.0	9281.75	8333.25	4862.25	3862.25	3097.25	1504.5	1637.5	1016.25	331.25	110.0	38.0	20.75	14.75	8.75	4.5	2.5	2.5	1.25	1.0	0.75	1.0	0.25	0.75	0.75	0.25	0.0	0.25	0.0	0.25	0.25	0.25	0.0	0.0	0.0	0.0	0.0	0.0	0.0	0.0	0.25	0.25	0.0	0.25	0.25	0.0	0.0	0.0	0.0	0.0	0.0	0.0	0.0	0.0
P9723_1035_S35_L001_R1_001	0.0	0.0	0.0	0.0	0.0	0.0	0.0	0.0	0.0	0.0	0.0	0.0	0.0	0.0	0.0	0.0	0.0	0.0	0.0	0.0	0.0	0.0	0.0	0.0	0.0	0.0	0.0	0.0	0.5	0.25	2.25	4.25	5.75	15.25	45.5	111.25	276.25	424.5	727.75	1531.5	2674.75	10062.5	5372.75	3183.25	2893.0	3392.5	5765.25	5679.0	15185.75	17151.75	3545.0	1896.25	1485.5	537.25	187.0	198.5	90.25	34.75	4.75	3.5	2.5	0.75	1.0	1.0	0.5	0.0	0.25	0.0	0.5	1.5	0.25	0.0	0.25	0.75	0.25	0.0	0.0	0.0	0.25	0.25	0.25	0.0	0.0	0.0	0.0	0.0	0.0	0.0	0.0	0.25	0.0	0.0	0.0	0.0	0.0	0.0	0.0	0.0	0.0	0.0	0.0
P9723_1035_S35_L001_R2_001	0.0	0.0	0.0	0.0	0.0	0.0	0.0	0.0	0.0	0.0	0.0	0.0	0.0	0.0	0.0	0.0	0.0	0.0	0.0	0.0	0.0	0.0	0.0	0.25	0.0	0.0	0.75	0.5	1.5	2.5	4.0	6.75	11.25	18.5	38.25	95.0	211.0	375.75	818.75	1744.75	4205.5	8694.75	4851.0	2143.5	3661.5	4843.75	5921.25	8038.5	13952.25	9412.0	3519.5	2249.0	2298.5	1012.75	461.5	212.0	153.0	103.75	57.75	21.75	10.5	3.25	3.25	1.75	1.5	1.0	0.5	0.75	0.75	0.5	0.25	0.0	1.0	1.0	0.5	0.25	0.25	0.25	0.0	0.0	0.0	0.0	0.0	0.0	0.25	0.0	0.0	0.0	0.0	0.0	0.0	0.0	0.0	0.0	0.0	0.0	0.0	0.0	0.25	0.0	0.0
P9723_1036_S36_L001_R1_001	0.0	0.0	0.0	0.0	0.0	0.0	0.0	0.0	0.0	0.0	0.0	0.0	0.0	0.0	0.0	0.0	0.0	0.0	0.0	0.25	0.0	0.0	0.0	0.0	0.0	0.5	0.5	1.75	7.5	28.25	20.0	5.0	8.25	50.0	77.25	125.75	191.0	335.0	695.5	1337.0	2107.5	2198.75	2172.5	2635.5	12836.0	7838.25	7959.25	13074.25	9037.5	2299.0	1433.25	1417.25	676.5	740.0	1292.25	798.0	159.75	195.25	242.5	81.0	10.0	1.25	0.25	0.25	0.5	0.25	0.25	0.0	0.25	0.25	0.75	0.75	0.0	0.0	0.0	0.25	0.25	0.25	0.25	0.25	0.0	0.0	0.0	0.0	0.5	0.25	0.25	0.0	0.25	0.25	0.0	0.0	0.25	0.0	0.0	0.0	0.25	0.0	0.25	0.25	0.0
P9723_1036_S36_L001_R2_001	0.0	0.0	0.0	0.0	0.0	0.0	0.0	0.0	0.0	0.0	0.0	0.0	0.0	0.0	0.0	0.0	0.0	0.0	0.0	0.25	0.25	0.0	0.0	0.5	0.75	1.25	1.5	3.25	8.25	13.25	18.75	6.75	12.0	18.75	51.5	107.5	126.0	234.75	703.75	1054.5	1203.5	1482.0	2362.25	2302.5	2767.75	5784.75	14862.75	12033.75	8651.5	6431.0	5344.0	2685.0	1235.75	795.25	564.0	979.5	816.0	338.0	160.25	117.25	82.25	43.5	18.0	5.5	3.25	1.25	0.75	0.0	0.75	0.75	1.0	0.25	0.25	0.0	0.25	0.75	1.5	0.5	0.25	0.0	0.0	0.0	0.0	0.0	0.0	0.25	0.0	0.0	0.0	0.0	0.0	0.0	0.0	0.0	0.0	0.0	0.0	0.0	0.0	0.0	0.0
P9723_1037_S37_L001_R1_001	0.0	0.0	0.0	0.0	0.0	0.0	0.0	0.0	0.0	0.0	0.0	0.0	0.0	0.0	0.0	0.0	0.0	0.0	0.0	0.0	0.0	0.0	0.0	0.0	0.0	0.0	1.25	0.75	4.25	5.75	3.5	10.0	14.5	68.75	102.75	153.75	319.5	484.0	816.5	966.5	1623.25	1592.5	2709.5	1956.5	3579.75	7248.5	6209.0	9234.0	14438.0	12494.0	7000.5	6279.75	3051.5	1621.5	787.5	466.25	263.75	56.5	20.0	14.5	15.0	6.75	3.5	3.0	2.25	0.75	0.5	0.0	0.0	0.0	0.0	0.25	0.75	0.5	0.25	0.5	0.75	0.0	0.5	0.25	0.0	0.0	0.25	0.25	0.0	0.0	0.0	0.25	0.0	0.0	0.0	0.0	0.0	0.0	0.0	0.0	0.0	0.0	0.0	0.25	0.0
P9723_1037_S37_L001_R2_001	0.0	0.0	0.0	0.0	0.0	0.0	0.0	0.0	0.0	0.0	0.0	0.0	0.0	0.0	0.0	0.0	0.0	0.0	0.0	0.0	0.0	0.0	0.0	0.0	0.5	0.5	0.75	1.5	5.5	6.0	3.5	4.0	14.25	46.0	76.25	132.25	224.25	374.5	672.75	925.75	1572.5	1874.5	2507.5	2506.0	3791.5	6379.5	6574.75	7337.0	9252.5	10451.25	10455.5	5896.25	4466.5	3598.25	2171.0	1099.0	512.0	342.0	192.25	96.0	38.75	24.0	9.5	6.25	4.75	2.75	2.25	0.75	1.0	2.0	1.5	0.25	0.5	0.5	0.25	1.0	0.75	1.0	0.5	0.25	0.0	0.25	0.5	0.25	0.0	0.0	0.0	0.25	0.0	0.25	0.0	0.0	0.0	0.0	0.25	0.0	0.0	0.0	0.0	0.0	0.0
P9723_1038_S38_L001_R1_001	0.0	0.0	0.0	0.0	0.0	0.0	0.0	0.0	0.0	0.0	0.0	0.0	0.0	0.0	0.0	0.0	0.0	0.0	0.0	0.0	0.0	0.0	0.5	0.25	0.5	0.75	0.5	1.0	1.5	5.0	13.25	19.75	14.25	72.25	188.5	247.5	336.5	635.0	2474.0	2162.0	4502.25	1754.75	1491.75	1511.0	2759.5	4092.25	6873.25	3435.5	4003.5	7367.0	4656.25	1917.75	3455.75	1666.5	2098.25	2374.0	534.75	144.25	52.0	29.25	50.75	14.0	8.75	9.5	5.75	2.25	1.75	1.0	1.25	0.75	0.0	0.25	0.0	0.0	0.0	0.25	0.25	0.0	0.0	0.0	0.0	0.0	0.0	0.0	0.0	0.0	0.25	0.0	0.0	0.0	0.0	0.0	0.0	0.0	0.0	0.0	0.0	0.25	0.0	0.0	0.0
P9723_1038_S38_L001_R2_001	0.0	0.0	0.0	0.0	0.0	0.0	0.0	0.0	0.0	0.0	0.0	0.0	0.0	0.25	0.25	0.0	0.0	0.0	0.0	0.25	0.25	0.25	0.5	0.25	0.0	0.5	1.0	2.0	4.25	5.75	13.0	20.25	39.0	90.0	160.75	195.5	298.5	695.25	2130.0	2122.5	3799.0	2811.0	1696.75	1954.5	2240.75	2432.75	3517.75	5298.75	7497.0	6392.75	4005.25	3100.75	2719.0	1834.0	2398.75	2193.25	981.0	365.5	136.0	80.75	56.25	33.0	17.5	8.0	6.75	5.5	6.25	5.0	3.0	1.5	1.0	1.25	0.5	1.0	0.0	0.0	0.5	0.25	0.25	1.25	0.5	0.25	0.0	0.0	0.0	0.25	0.0	0.25	0.0	0.0	0.0	0.5	0.25	0.0	0.0	0.0	0.0	0.0	0.0	0.0	0.0
P9723_1039_S39_L001_R1_001	0.0	0.0	0.0	0.0	0.0	0.0	0.0	0.0	0.0	0.0	0.0	0.0	0.0	0.0	0.0	0.0	0.0	0.0	0.0	0.25	0.25	0.0	0.0	0.0	0.25	0.5	0.25	1.0	1.0	0.25	1.0	4.0	7.25	21.5	48.25	116.5	248.5	424.25	740.5	1635.25	2704.0	9105.5	4944.75	3424.75	3174.5	3481.5	5742.5	5888.5	15032.75	16668.25	3623.0	2058.25	1705.5	1364.75	562.0	330.0	150.75	52.75	9.75	4.5	4.75	2.0	4.25	0.5	0.75	0.5	0.0	0.0	0.25	0.25	0.25	0.25	0.25	0.0	0.0	0.0	0.0	0.0	0.0	0.0	0.0	0.0	0.0	0.0	0.0	0.0	0.0	0.0	0.0	0.0	0.0	0.0	0.0	0.0	0.0	0.0	0.0	0.0	0.0	0.0	0.0
P9723_1039_S39_L001_R2_001	0.0	0.0	0.0	0.0	0.0	0.0	0.0	0.0	0.0	0.0	0.0	0.0	0.0	0.0	0.0	0.0	0.0	0.0	0.0	0.25	0.25	0.25	0.75	1.0	1.25	0.25	1.25	1.25	1.25	2.0	4.25	7.0	10.0	18.75	28.5	87.25	167.25	282.25	600.0	1319.0	3037.5	7659.75	5822.75	2191.75	3765.0	4369.75	5733.0	7056.25	13402.25	11320.0	4495.0	2665.5	2666.25	1615.0	900.25	447.75	336.75	191.5	92.5	37.25	15.75	8.5	7.25	6.5	2.75	1.25	0.5	0.25	0.5	0.0	0.0	0.25	0.0	0.25	0.0	0.25	0.25	0.25	0.0	0.25	0.0	0.0	0.0	0.0	0.0	0.0	0.25	0.25	0.0	0.0	0.0	0.0	0.25	0.25	0.0	0.0	0.25	0.0	0.0	0.0	0.0
P9723_1040_S40_L001_R1_001	0.0	0.0	0.0	0.0	0.0	0.0	0.0	0.0	0.0	0.0	0.0	0.0	0.0	0.0	0.0	0.0	0.0	0.0	0.0	0.0	0.0	0.0	0.0	0.0	0.0	0.0	1.25	1.0	1.0	9.25	8.5	4.75	9.75	40.5	63.5	77.0	119.75	196.5	442.25	853.5	1362.25	1495.5	1513.0	1834.75	9926.75	6092.5	6127.75	10278.5	7076.5	1827.5	1108.25	1248.75	740.25	1255.5	1430.25	815.0	168.75	205.75	221.0	67.0	16.75	3.25	1.0	2.5	0.0	0.0	0.5	0.75	0.25	0.75	0.0	0.25	0.0	0.5	0.25	0.5	0.25	0.25	0.25	0.0	0.0	0.0	0.0	0.0	0.25	0.0	0.0	0.0	0.0	0.0	0.0	0.0	0.0	0.0	0.0	0.0	0.0	0.0	0.0	0.0	0.0
P9723_1040_S40_L001_R2_001	0.0	0.0	0.0	0.0	0.0	0.0	0.0	0.0	0.0	0.0	0.0	0.0	0.0	0.0	0.0	0.0	0.0	0.0	0.0	0.0	0.0	0.0	0.0	0.0	0.0	0.5	1.5	2.75	3.75	4.25	6.5	3.75	5.5	15.0	40.75	80.5	92.0	167.75	512.0	846.25	709.0	980.0	1600.5	1539.75	1866.75	4229.25	11869.25	9387.0	6685.5	5005.25	4269.25	2115.0	1076.5	1098.25	849.75	1096.75	759.5	289.0	157.5	119.5	88.5	41.25	21.25	10.25	2.5	1.75	1.0	0.25	0.25	0.5	0.75	0.75	0.75	0.5	0.0	1.25	0.5	1.0	0.5	0.25	0.0	0.0	0.0	0.0	0.0	0.0	0.0	0.0	0.0	0.0	0.0	0.0	0.0	0.25	0.5	0.25	0.0	0.0	0.0	0.0	0.0
P9723_1041_S41_L001_R1_001	0.0	0.0	0.0	0.0	0.0	0.0	0.0	0.0	0.0	0.0	0.0	0.0	0.0	0.0	0.0	0.0	0.0	0.0	0.0	0.0	0.0	0.0	0.0	0.0	0.25	0.25	1.0	1.25	15.5	16.75	12.0	9.5	19.75	36.25	73.75	134.5	284.25	442.25	975.75	1219.25	2039.25	1635.25	1387.5	2190.0	4402.25	5116.0	6921.25	8438.25	7804.75	5129.5	3225.25	2489.0	1387.5	609.25	357.5	83.25	47.75	23.75	6.25	4.75	5.5	1.25	0.25	0.5	0.25	0.25	0.0	0.25	0.0	0.0	0.0	0.0	0.0	0.0	0.0	0.0	0.25	0.0	0.0	0.25	0.0	0.5	0.25	0.0	0.0	0.0	0.0	0.0	0.0	0.25	0.0	0.0	0.0	0.0	0.0	0.0	0.0	0.0	0.0	0.0	0.0
P9723_1041_S41_L001_R2_001	0.0	0.0	0.0	0.0	0.0	0.0	0.0	0.0	0.0	0.0	0.0	0.0	0.0	0.0	0.0	0.0	0.0	0.0	0.0	0.0	0.0	0.25	0.25	0.0	0.25	0.5	1.5	3.25	11.0	17.5	6.5	12.0	15.0	17.0	46.25	107.0	185.0	376.5	853.0	1192.75	1916.5	1665.25	1776.25	2518.75	3031.75	4649.5	6136.25	7474.0	8460.5	5331.5	3997.25	3095.0	1795.5	1001.25	502.75	261.25	95.0	42.75	19.25	7.0	4.75	4.25	5.25	4.5	2.0	0.5	0.5	0.25	0.25	0.0	0.5	0.5	0.0	0.5	0.5	0.0	0.0	0.0	0.25	0.25	0.25	0.5	0.25	0.0	0.25	0.0	0.0	0.0	0.25	0.0	0.0	0.0	0.0	0.0	0.0	0.0	0.0	0.0	0.0	0.0	0.0
P9723_1042_S42_L001_R1_001	0.0	0.0	0.0	0.0	0.0	0.0	0.0	0.0	0.0	0.0	0.0	0.0	0.0	0.0	0.0	0.0	0.0	0.0	0.0	0.0	0.0	0.0	0.0	0.25	1.25	0.75	0.25	0.75	2.0	9.0	44.75	67.25	75.75	163.5	120.0	179.0	357.0	625.5	907.25	2172.25	2012.75	1969.25	2103.25	3103.0	8441.25	3141.0	2387.25	2237.75	6327.0	4341.25	2364.0	1274.25	976.0	743.25	1552.75	476.0	119.25	35.25	17.25	5.25	2.25	0.75	0.25	0.25	0.0	0.25	0.0	0.0	0.0	0.5	0.5	0.0	0.0	0.0	0.0	0.0	0.0	0.0	0.0	0.0	0.25	0.0	0.0	0.25	0.25	0.0	0.0	0.0	0.0	0.25	0.25	0.0	0.0	0.0	0.0	0.25	0.0	0.0	0.0	0.0	0.0
P9723_1042_S42_L001_R2_001	0.0	0.0	0.0	0.0	0.0	0.0	0.0	0.0	0.0	0.0	0.0	0.0	0.0	0.0	0.0	0.0	0.0	0.0	0.0	0.0	1.0	0.5	0.75	0.5	0.75	0.5	0.5	1.5	2.25	5.0	11.5	31.0	80.75	136.5	157.0	125.0	210.5	463.0	801.0	1415.25	2211.5	1757.25	1941.0	2337.5	3116.75	4747.0	6743.0	3940.75	5133.25	4589.0	3125.0	1792.25	1127.25	840.75	1381.5	850.5	292.25	97.5	41.0	15.5	11.25	4.5	2.25	3.75	2.25	0.75	0.25	0.5	0.0	0.0	0.0	0.5	0.25	0.0	0.25	0.25	0.0	0.0	0.25	0.25	0.25	0.0	0.0	0.0	0.25	0.0	0.0	0.0	0.0	0.0	0.0	0.0	0.0	0.0	0.0	0.0	0.0	0.0	0.0	0.0	0.0
P9723_1043_S43_L001_R1_001	0.0	0.0	0.0	0.0	0.0	0.0	0.0	0.0	0.0	0.0	0.0	0.0	0.0	0.0	0.0	0.0	0.0	0.0	0.0	0.0	0.0	0.0	0.0	0.0	0.0	0.0	0.0	0.0	0.75	2.0	2.25	3.25	4.5	16.5	35.75	97.25	272.75	391.0	640.25	822.25	992.5	1885.25	5611.5	3423.5	3717.75	4134.75	4516.75	4212.0	10081.0	4025.5	2230.25	1861.0	1381.25	385.5	214.25	647.75	183.25	77.25	10.5	3.25	3.5	0.75	0.0	0.25	0.0	0.0	0.0	0.0	0.25	0.5	0.25	0.5	0.0	0.0	0.0	0.0	0.0	0.25	0.0	0.0	0.0	0.0	0.0	0.0	0.0	0.0	0.0	0.25	0.0	0.0	0.0	0.0	0.0	0.0	0.25	0.0	0.0	0.0	0.0	0.0	0.0
P9723_1043_S43_L001_R2_001	0.0	0.0	0.0	0.0	0.0	0.0	0.0	0.0	0.0	0.0	0.0	0.0	0.0	0.0	0.0	0.0	0.0	0.0	0.0	0.0	0.0	0.0	0.0	0.0	0.0	0.0	0.0	0.5	1.0	2.25	1.75	4.25	8.25	11.25	34.25	105.75	179.0	261.75	493.75	833.5	1127.75	2439.0	4848.5	2292.75	3439.25	4621.75	4999.25	5574.5	7742.75	4141.25	1798.0	2077.0	2151.25	903.0	364.0	229.5	339.25	362.0	220.75	96.5	34.75	11.75	6.25	3.0	1.25	0.5	1.0	0.75	0.25	0.25	0.25	0.0	0.5	0.5	0.5	0.75	0.5	0.0	0.0	0.25	0.25	0.0	0.0	0.25	0.5	0.0	0.25	0.25	0.0	0.0	0.0	0.0	0.0	0.0	0.0	0.0	0.0	0.0	0.0	0.0	0.0
P9723_1044_S44_L001_R1_001	0.0	0.0	0.0	0.0	0.0	0.0	0.0	0.0	0.0	0.0	0.0	0.0	0.0	0.0	0.0	0.0	0.0	0.0	0.0	0.0	0.0	0.0	0.0	0.0	0.0	0.0	1.25	1.0	9.25	44.0	31.5	4.0	13.0	48.5	85.0	127.75	248.5	398.75	909.75	1605.0	3508.5	2074.75	1138.25	1239.5	2293.75	2234.75	3355.25	9363.5	9407.0	14693.75	10937.75	3089.5	901.25	692.5	565.5	338.25	75.5	37.5	65.25	75.0	19.75	3.5	0.75	0.25	0.0	0.0	0.0	0.25	0.0	0.0	0.5	0.75	0.5	0.0	0.5	0.25	0.25	0.25	0.0	0.0	0.0	0.0	0.0	0.0	0.0	0.0	0.0	0.25	0.25	0.0	0.0	0.0	0.25	0.25	0.25	0.0	0.0	0.0	0.0	0.0	0.0
P9723_1044_S44_L001_R2_001	0.0	0.0	0.0	0.0	0.0	0.0	0.0	0.0	0.0	0.0	0.0	0.0	0.0	0.0	0.0	0.0	0.0	0.0	0.0	0.0	0.0	0.0	0.0	0.0	0.5	0.75	1.5	1.75	6.5	27.25	30.5	7.25	8.0	15.75	37.75	107.0	131.25	255.0	827.5	1015.5	1121.25	1354.0	2873.25	2194.75	1738.5	2794.0	3211.25	5874.75	8864.0	7025.25	11702.5	8136.25	2880.25	1329.25	677.25	526.75	338.5	133.75	50.5	20.5	15.25	9.0	6.0	3.0	3.25	0.25	0.75	0.25	0.25	0.75	0.75	0.25	0.5	0.0	0.5	0.5	0.5	0.5	0.25	0.25	0.0	0.0	0.0	0.0	0.25	0.0	0.0	0.0	0.25	0.25	0.25	0.0	0.0	0.0	0.25	0.25	0.0	0.0	0.0	0.0	0.0
P9723_1045_S45_L001_R1_001	0.0	0.0	0.0	0.0	0.0	0.0	0.0	0.0	0.0	0.0	0.0	0.0	0.0	0.0	0.0	0.0	0.0	0.0	0.0	0.0	0.0	0.5	0.25	0.75	0.25	0.0	0.0	1.5	13.75	13.25	11.5	11.0	19.0	42.0	97.25	192.75	375.0	540.75	1154.75	1476.25	2347.75	1918.0	1715.75	2551.0	4633.5	5301.5	7230.0	8725.25	8076.0	5507.5	3670.25	3075.5	2566.25	2125.5	603.75	243.25	115.5	31.25	10.0	7.75	5.25	2.25	1.5	1.5	0.5	0.0	0.0	0.0	0.0	0.25	0.25	0.25	0.75	0.25	0.25	0.25	0.25	0.0	0.0	0.25	0.25	0.25	0.0	0.0	0.25	0.0	0.0	0.0	0.25	0.25	0.25	0.0	0.0	0.0	0.0	0.0	0.0	0.0	0.0	0.0	0.0
P9723_1045_S45_L001_R2_001	0.0	0.0	0.0	0.0	0.0	0.0	0.0	0.0	0.0	0.0	0.0	0.0	0.0	0.0	0.0	0.0	0.5	0.25	0.0	0.0	0.75	0.25	0.5	0.0	0.25	0.0	0.25	2.5	7.75	15.0	8.5	14.0	18.75	23.0	54.5	134.5	240.25	475.25	966.5	1375.0	2227.0	1985.5	2134.0	2839.0	3374.75	4828.25	6121.25	7550.75	8571.75	5759.0	4579.75	3887.0	2786.0	2314.5	1191.75	539.25	229.0	109.75	51.75	25.5	14.25	10.25	8.75	6.0	2.5	0.25	0.25	0.5	0.5	1.0	0.5	0.5	0.5	1.0	0.25	0.75	0.25	0.25	0.25	0.0	0.0	0.0	0.0	0.0	0.0	0.0	0.0	0.0	0.25	0.0	0.0	0.0	0.0	0.0	0.0	0.0	0.25	0.25	0.0	0.0	0.0
P9723_1046_S46_L001_R1_001	0.0	0.0	0.0	0.0	0.0	0.0	0.0	0.0	0.0	0.0	0.0	0.0	0.0	0.0	0.0	0.0	0.0	0.0	0.0	0.0	0.25	0.0	0.0	0.0	0.5	0.5	0.0	0.5	1.5	6.5	35.25	74.5	69.75	175.5	133.5	208.25	417.0	732.5	1111.75	2793.25	2583.0	2524.25	2701.75	4037.75	10980.25	4048.5	3102.75	2968.25	8735.75	5817.75	3306.25	1985.0	1861.0	1762.25	2822.75	1199.75	285.75	110.75	37.5	17.75	16.5	10.25	15.75	15.75	14.0	9.0	2.0	0.25	0.5	0.5	0.0	0.5	0.25	0.25	0.0	0.0	0.0	0.0	0.0	0.0	0.0	0.0	0.0	0.25	0.0	0.0	0.0	0.0	0.0	0.0	0.0	0.0	0.0	0.25	0.25	0.0	0.25	0.0	0.25	0.25	0.0
P9723_1046_S46_L001_R2_001	0.0	0.0	0.0	0.0	0.0	0.0	0.0	0.0	0.0	0.0	0.0	0.0	0.0	0.0	0.0	0.0	0.0	0.25	0.0	0.0	0.0	0.25	0.5	0.0	1.0	1.0	0.75	1.5	2.25	4.5	9.5	29.75	85.0	132.0	170.5	148.0	250.0	570.0	982.25	1778.0	2813.5	2220.75	2421.25	3063.75	4056.75	6229.75	8744.75	5260.0	7018.5	6223.75	4211.5	2589.75	1958.5	1613.0	2502.75	1847.25	776.25	327.5	130.0	56.0	33.75	19.25	15.75	15.25	12.5	12.0	10.0	8.5	3.75	2.0	2.5	0.75	0.75	0.25	0.5	1.0	0.25	0.0	0.0	0.25	0.0	0.25	0.5	0.25	0.25	0.0	0.0	0.0	0.0	0.0	0.0	0.0	0.0	0.0	0.0	0.0	0.0	0.0	0.0	0.0	0.0
P9723_1047_S47_L001_R1_001	0.0	0.0	0.0	0.0	0.0	0.0	0.0	0.0	0.0	0.0	0.0	0.0	0.0	0.0	0.0	0.0	0.0	0.0	0.0	0.0	0.0	0.0	0.0	0.0	0.0	0.0	0.0	0.0	0.0	0.0	0.75	4.25	8.0	11.75	30.0	85.25	252.25	366.0	592.5	810.25	967.75	1816.5	5214.0	3262.5	3504.5	3588.5	3909.75	3922.25	8795.25	3642.75	2152.75	1969.25	1601.75	1193.0	640.25	752.75	255.0	95.75	33.0	26.25	9.5	1.5	4.0	2.75	0.25	0.25	0.0	0.0	0.0	0.0	0.0	0.25	0.25	0.5	0.0	0.0	0.0	0.25	0.5	0.25	0.0	0.0	0.0	0.0	0.25	0.25	0.25	0.0	0.0	0.25	0.0	0.0	0.25	0.25	0.0	0.0	0.0	0.25	0.0	0.0	0.0
P9723_1047_S47_L001_R2_001	0.0	0.0	0.0	0.0	0.0	0.0	0.0	0.0	0.0	0.0	0.0	0.0	0.0	0.0	0.0	0.0	0.0	0.0	0.0	0.0	0.0	0.0	0.0	0.0	0.0	0.0	0.0	0.25	0.5	0.75	0.5	3.25	5.5	12.75	36.0	94.75	155.75	202.0	391.25	672.5	945.0	2184.25	4597.75	1888.25	3037.0	3905.0	4403.25	4723.75	6971.75	4650.0	1844.25	2125.0	2463.5	1461.25	865.0	496.0	512.5	454.75	273.5	141.0	56.25	21.0	10.5	6.5	3.5	2.25	1.25	2.0	1.0	0.25	0.0	0.0	0.25	0.0	0.0	0.25	0.25	0.0	0.0	0.0	0.0	0.25	0.25	0.0	0.0	0.25	0.25	0.0	0.0	0.0	0.25	0.0	0.0	0.0	0.0	0.0	0.0	0.0	0.0	0.0	0.0
P9723_1048_S48_L001_R1_001	0.0	0.0	0.0	0.0	0.0	0.0	0.0	0.0	0.0	0.0	0.0	0.0	0.0	0.0	0.0	0.0	0.0	0.0	0.0	0.0	0.0	0.0	0.0	0.0	0.0	0.0	0.0	0.75	3.5	15.75	13.5	3.5	9.0	34.25	64.75	97.5	182.5	279.5	626.0	1079.0	2504.0	1525.5	859.75	922.5	1659.75	1632.5	2492.25	7002.75	7056.5	11046.0	8394.75	2423.5	1050.25	1391.25	651.5	302.5	137.25	164.0	104.5	72.5	16.5	1.75	1.5	0.25	0.0	0.0	0.25	0.25	0.0	0.0	0.0	0.0	0.75	0.25	0.0	0.0	0.25	0.0	0.0	0.0	0.0	0.25	0.0	0.0	0.0	0.0	0.0	0.0	0.0	0.0	0.0	0.0	0.0	0.0	0.0	0.0	0.0	0.0	0.0	0.0	0.0
P9723_1048_S48_L001_R2_001	0.0	0.0	0.0	0.0	0.0	0.0	0.0	0.0	0.0	0.0	0.0	0.0	0.0	0.0	0.0	0.0	0.0	0.0	0.0	0.0	0.0	0.0	0.0	0.0	0.25	0.75	1.0	2.0	5.0	9.75	12.75	2.75	5.5	11.25	29.25	83.75	112.25	198.25	595.5	827.25	759.5	968.75	2077.0	1632.75	1234.5	1971.75	2333.5	4317.0	6613.75	5238.0	8863.5	6246.75	2437.75	1624.5	965.25	589.0	340.75	147.25	101.25	108.0	77.25	29.75	14.5	6.25	3.25	1.0	0.25	0.5	0.25	0.25	0.25	0.25	0.25	0.75	0.5	0.75	0.25	0.25	0.25	0.0	0.0	0.0	0.0	0.0	0.0	0.0	0.0	0.0	0.0	0.0	0.25	0.0	0.0	0.0	0.0	0.0	0.0	0.0	0.0	0.0	0.0
P9723_1049_S49_L001_R1_001	0.0	0.0	0.0	0.0	0.0	0.0	0.0	0.0	0.0	0.0	0.0	0.0	0.0	0.0	0.0	0.0	0.0	0.0	0.0	0.0	0.0	0.0	0.0	0.5	0.25	0.25	0.25	0.75	2.75	2.75	0.25	2.75	6.25	24.75	47.5	126.0	260.5	270.25	374.0	694.5	1644.5	713.25	653.0	581.0	1432.25	2144.0	2474.75	6404.5	8205.75	3297.75	3128.25	4303.0	805.5	146.0	44.75	38.25	42.0	20.5	44.0	196.75	45.25	6.25	1.75	0.0	0.5	0.0	0.0	0.0	0.0	0.0	0.25	0.0	0.0	0.0	0.0	0.0	0.0	0.0	0.0	0.0	0.0	0.0	0.0	0.0	0.0	0.0	0.0	0.0	0.0	0.0	0.0	0.0	0.25	0.25	0.0	0.0	0.0	0.0	0.0	0.0	0.0
P9723_1049_S49_L001_R2_001	0.0	0.0	0.0	0.0	0.0	0.0	0.0	0.0	0.0	0.0	0.0	0.0	0.0	0.0	0.0	0.0	0.0	0.0	0.0	0.0	0.0	0.0	0.0	0.25	0.25	0.25	0.75	1.5	2.75	4.25	1.25	2.0	6.75	18.25	56.25	163.25	160.75	156.75	397.75	1009.0	1270.75	727.25	661.75	713.5	1078.75	1954.0	2495.25	4130.0	7666.5	5008.0	3534.75	2775.75	3357.0	1274.25	463.5	198.25	105.0	43.75	20.0	11.25	3.25	3.0	2.75	1.5	0.25	0.5	0.5	0.25	0.75	0.25	0.25	0.0	0.25	0.25	0.0	0.25	0.25	0.5	0.0	0.25	0.0	0.0	0.0	0.0	0.0	0.0	0.0	0.0	0.25	0.25	0.0	0.0	0.0	0.0	0.0	0.0	0.0	0.0	0.0	0.0	0.0
P9723_1050_S50_L001_R1_001	0.0	0.0	0.0	0.0	0.0	0.0	0.0	0.0	0.0	0.0	0.0	0.0	0.0	0.0	0.0	0.0	0.0	0.0	0.0	0.0	0.0	0.0	0.5	0.5	0.75	0.0	0.0	0.75	0.75	1.25	1.0	1.75	7.0	17.25	36.25	91.5	87.75	134.75	232.75	409.0	578.75	1777.0	1672.75	3461.5	4398.75	3850.0	7339.25	2420.75	3650.25	4006.75	1273.5	802.25	771.75	356.0	244.75	194.25	127.75	19.75	5.25	1.5	1.75	2.5	0.25	0.0	0.0	0.0	0.25	0.25	0.0	0.0	0.0	0.5	0.0	0.0	0.0	0.0	0.0	0.0	0.0	0.0	0.0	0.0	0.0	0.0	0.0	0.0	0.0	0.0	0.0	0.0	0.0	0.0	0.0	0.0	0.0	0.0	0.0	0.0	0.0	0.0	0.0
P9723_1050_S50_L001_R2_001	0.0	0.0	0.0	0.0	0.0	0.0	0.0	0.0	0.0	0.0	0.0	0.0	0.0	0.0	0.0	0.0	0.0	0.0	0.0	0.0	0.0	0.25	1.0	0.25	0.25	0.25	1.25	0.75	1.0	1.5	1.75	3.25	7.25	12.5	24.25	60.5	67.25	101.5	201.75	407.75	727.25	1337.0	2101.75	2813.5	3345.75	4146.5	6706.0	3186.0	2983.25	3737.0	1953.5	1076.75	904.75	574.0	314.5	172.25	97.5	98.0	64.75	22.0	7.0	2.0	2.25	1.75	1.0	0.75	0.0	0.0	0.0	0.25	0.25	0.0	0.25	0.0	0.0	0.0	0.0	0.5	0.25	0.0	0.0	0.0	0.0	0.0	0.0	0.0	0.0	0.0	0.0	0.0	0.0	0.0	0.0	0.0	0.0	0.0	0.0	0.0	0.0	0.0	0.0
P9723_1051_S51_L001_R1_001	0.0	0.0	0.0	0.0	0.0	0.0	0.0	0.0	0.0	0.0	0.0	0.0	0.0	0.0	0.0	0.0	0.0	0.0	0.0	0.0	0.25	0.25	0.25	0.0	0.0	0.75	0.25	0.0	2.75	8.0	6.5	8.25	13.0	27.5	62.5	135.0	215.25	294.25	531.25	800.0	985.5	1710.5	1742.25	2373.0	2758.25	2177.0	2513.5	5127.0	5182.75	4509.75	3969.25	3136.75	1193.75	2725.5	3312.5	885.5	241.25	65.5	52.0	49.75	21.0	15.0	2.5	0.75	0.0	0.25	0.25	0.25	0.0	0.0	0.0	0.0	0.0	0.0	0.0	0.0	0.25	0.5	0.0	0.0	0.0	0.0	0.25	0.0	0.0	0.0	0.0	0.0	0.0	0.25	0.0	0.0	0.0	0.0	0.0	0.0	0.0	0.0	0.25	0.0	0.0
P9723_1051_S51_L001_R2_001	0.0	0.0	0.0	0.0	0.0	0.0	0.0	0.0	0.0	0.0	0.0	0.0	0.0	0.0	0.0	0.0	0.0	0.25	0.25	0.0	0.5	0.75	0.25	0.0	0.0	0.25	0.25	1.0	3.5	5.75	7.25	6.25	10.5	13.75	30.75	66.5	116.25	189.5	364.25	676.0	938.25	1485.25	2019.5	2918.25	2582.25	2566.5	3602.0	4520.0	4285.5	4034.0	3772.0	2776.75	1907.25	2554.75	2203.0	1381.75	681.25	282.5	123.75	49.75	43.75	39.0	23.75	11.0	6.5	3.25	1.25	0.25	0.0	0.0	0.25	0.0	0.25	0.0	0.75	0.5	0.0	0.0	0.25	0.25	0.0	0.25	0.0	0.0	0.0	0.25	0.0	0.0	0.0	0.0	0.0	0.0	0.0	0.0	0.0	0.0	0.0	0.0	0.0	0.0	0.0
P9723_1052_S52_L001_R1_001	0.0	0.0	0.0	0.0	0.0	0.0	0.0	0.0	0.0	0.0	0.0	0.0	0.0	0.0	0.0	0.0	0.0	0.0	0.0	0.0	0.0	0.0	0.25	0.25	0.25	0.25	0.75	0.75	3.0	1.25	2.25	7.25	11.25	28.75	75.75	270.75	923.0	625.25	728.5	1148.75	1063.0	1305.25	2209.0	1070.0	1775.75	2366.5	2434.5	3933.25	2889.25	6864.0	7775.5	9855.25	9367.75	3104.25	836.75	280.5	159.25	40.0	8.0	20.75	31.5	9.75	7.25	2.5	1.0	0.25	0.25	0.0	0.0	0.0	0.0	0.0	0.0	0.0	0.0	0.0	0.25	0.25	0.0	0.0	0.25	0.0	0.0	0.0	0.0	0.0	0.0	0.0	0.0	0.0	0.0	0.0	0.0	0.0	0.0	0.0	0.0	0.0	0.25	0.0	0.0
P9723_1052_S52_L001_R2_001	0.0	0.0	0.0	0.0	0.0	0.0	0.0	0.0	0.0	0.0	0.0	0.0	0.0	0.0	0.0	0.0	0.0	0.0	0.0	0.0	0.0	0.25	0.0	0.0	0.25	0.5	1.5	1.5	4.25	4.25	5.25	6.75	13.0	37.0	118.5	505.5	652.5	440.0	619.75	1029.0	1165.25	1223.75	2035.0	1462.25	1350.75	1962.25	2567.5	2851.25	2404.0	2779.0	3489.5	9231.5	12591.25	5515.75	2215.5	763.25	366.0	185.25	86.25	36.5	15.25	11.5	16.0	9.5	6.25	2.5	1.75	0.75	0.5	0.0	0.75	0.5	0.5	0.25	0.25	0.5	0.5	0.0	0.0	0.0	0.25	0.0	0.0	0.0	0.0	0.25	0.25	0.0	0.0	0.0	0.25	0.0	0.25	0.25	0.0	0.0	0.0	0.0	0.0	0.0	0.0
P9723_1053_S53_L001_R1_001	0.0	0.0	0.0	0.0	0.0	0.0	0.0	0.0	0.0	0.0	0.0	0.0	0.0	0.0	0.0	0.0	0.0	0.0	0.0	0.0	0.0	0.0	0.25	0.0	0.75	0.75	0.75	1.25	3.0	2.75	2.0	4.5	11.5	38.75	76.5	175.5	381.0	391.25	586.25	995.75	2180.25	1005.5	920.5	901.5	1938.25	3044.25	3799.5	10089.25	13140.5	5540.5	4880.5	6911.0	1793.75	1313.0	293.25	147.25	170.75	65.25	82.5	299.25	68.5	8.75	2.75	0.75	0.25	0.0	0.0	0.0	0.0	0.25	0.0	0.0	0.25	0.0	0.0	0.0	0.25	0.0	0.0	0.25	0.25	0.25	0.0	0.25	0.25	0.0	0.0	0.0	0.0	0.0	0.0	0.0	0.0	0.0	0.0	0.0	0.0	0.0	0.0	0.0	0.0
P9723_1053_S53_L001_R2_001	0.0	0.0	0.0	0.0	0.0	0.0	0.0	0.0	0.0	0.0	0.0	0.0	0.0	0.0	0.0	0.0	0.0	0.0	0.0	0.25	0.0	0.25	0.0	0.5	1.0	1.0	1.5	1.0	2.75	4.25	2.5	5.5	13.25	28.25	80.0	234.5	235.0	238.0	568.75	1248.0	1857.0	1048.5	919.25	1017.25	1493.5	2771.5	3622.0	6284.5	12159.75	8295.0	5640.75	4648.5	5750.0	2903.25	1228.25	517.5	259.75	133.5	54.5	26.25	10.25	8.5	5.5	2.0	1.0	0.75	0.75	0.25	0.25	0.0	0.25	0.25	0.25	0.5	0.25	0.25	0.25	0.0	0.0	0.25	0.25	0.5	0.25	0.25	0.0	0.0	0.0	0.0	0.0	0.0	0.0	0.0	0.25	0.0	0.0	0.0	0.5	0.25	0.0	0.0	0.0
P9723_1054_S54_L001_R1_001	0.0	0.0	0.0	0.0	0.0	0.0	0.0	0.0	0.0	0.0	0.0	0.0	0.0	0.0	0.0	0.0	0.0	0.0	0.0	0.0	0.0	0.0	0.0	0.0	0.0	0.0	0.25	1.0	0.25	1.25	1.5	2.0	7.0	11.75	30.5	88.75	95.5	127.25	227.0	404.5	582.0	1643.25	1567.75	2836.0	3585.75	3232.25	5810.75	2121.75	3164.5	3548.0	1250.0	1044.75	1015.5	461.25	294.5	286.25	202.5	39.0	12.5	3.5	2.5	1.0	0.25	0.0	0.0	0.0	0.0	0.0	0.0	0.0	0.0	0.0	0.0	0.0	0.0	0.0	0.0	0.0	0.0	0.0	0.0	0.0	0.0	0.0	0.0	0.25	0.0	0.0	0.0	0.0	0.0	0.0	0.0	0.0	0.0	0.0	0.0	0.0	0.0	0.0	0.0
P9723_1054_S54_L001_R2_001	0.0	0.0	0.0	0.0	0.0	0.0	0.0	0.0	0.0	0.0	0.0	0.0	0.0	0.0	0.0	0.0	0.0	0.0	0.0	0.0	0.0	0.0	0.0	0.0	0.0	0.0	0.0	1.0	1.75	1.75	1.25	3.5	4.75	6.5	21.0	64.0	65.5	92.0	202.0	390.0	693.75	1265.0	1916.75	2313.5	2746.25	3488.0	5296.75	2764.75	2564.5	3291.25	1855.0	1228.0	1098.0	747.5	395.75	240.5	156.5	141.5	100.75	40.0	15.75	6.0	2.75	1.5	1.75	0.5	0.25	0.25	0.75	1.0	0.5	0.25	0.0	0.25	0.5	0.25	0.0	0.0	0.0	0.0	0.0	0.0	0.0	0.0	0.0	0.0	0.25	0.0	0.0	0.0	0.0	0.0	0.0	0.0	0.0	0.0	0.0	0.0	0.0	0.0	0.3333333333333333
P9723_1055_S55_L001_R1_001	0.0	0.0	0.0	0.0	0.0	0.0	0.0	0.0	0.0	0.0	0.0	0.0	0.0	0.0	0.0	0.0	0.0	0.0	0.25	0.75	0.25	0.25	0.0	0.5	0.25	0.75	0.5	0.75	2.25	2.25	5.0	5.75	5.25	21.0	49.5	102.75	167.25	253.0	423.25	629.5	809.75	1405.75	1385.25	1965.25	2340.25	1849.0	2188.0	4407.25	4219.0	3853.5	3633.75	3223.0	1644.75	2658.5	3218.75	1902.25	667.0	449.5	142.0	71.75	40.75	28.5	6.75	1.75	0.75	0.25	0.5	0.0	0.0	0.25	0.25	0.0	0.0	0.25	0.25	0.25	0.0	0.0	0.0	0.0	0.0	0.0	0.25	0.0	0.25	0.0	0.0	0.0	0.0	0.0	0.0	0.0	0.0	0.0	0.0	0.0	0.0	0.0	0.0	0.0	0.0
P9723_1055_S55_L001_R2_001	0.0	0.0	0.0	0.0	0.0	0.0	0.0	0.0	0.0	0.0	0.0	0.0	0.0	0.0	0.0	0.0	0.0	0.0	0.0	0.25	0.25	0.25	0.25	0.25	0.25	0.25	0.75	1.5	1.0	3.25	5.5	4.0	6.75	10.0	23.0	43.25	73.75	114.0	204.75	397.5	611.0	1029.75	1491.5	2280.75	2309.25	2169.25	3206.25	4081.25	3592.5	3347.5	3200.25	2984.0	2439.25	2735.5	2362.5	2121.0	1356.75	669.75	355.75	144.5	77.5	62.0	40.25	21.75	6.0	3.25	1.0	0.25	0.0	0.25	0.25	0.0	0.0	0.25	0.25	0.0	0.25	0.0	0.0	0.0	0.5	0.25	0.0	0.0	0.0	0.0	0.25	0.0	0.0	0.0	0.0	0.0	0.0	0.0	0.0	0.0	0.0	0.0	0.0	0.0	0.3333333333333333
P9723_1056_S56_L001_R1_001	0.0	0.0	0.0	0.0	0.0	0.0	0.0	0.0	0.0	0.0	0.0	0.0	0.0	0.0	0.0	0.0	0.0	0.0	0.0	0.0	0.0	0.0	0.0	0.0	0.0	0.0	0.25	0.75	2.25	1.75	3.5	3.25	8.0	22.5	55.25	177.5	614.5	373.75	438.25	687.5	629.25	764.75	1234.5	607.25	1052.75	1398.0	1382.5	2177.25	1674.0	3896.75	4482.75	5494.25	5544.0	3344.25	1454.5	618.0	631.0	110.0	26.0	25.75	21.75	9.75	14.0	4.5	1.25	0.25	0.0	0.0	0.0	0.0	0.0	0.0	0.25	0.0	0.0	0.0	0.25	0.0	0.0	0.0	0.25	0.25	0.0	0.0	0.0	0.0	0.0	0.0	0.0	0.0	0.0	0.0	0.0	0.0	0.0	0.0	0.0	0.0	0.0	0.0	0.3333333333333333
P9723_1056_S56_L001_R2_001	0.0	0.0	0.0	0.0	0.0	0.0	0.0	0.0	0.0	0.0	0.0	0.0	0.0	0.0	0.0	0.0	0.0	0.0	0.0	0.0	0.0	0.0	0.0	0.0	0.25	0.0	0.0	1.0	2.5	3.5	3.75	7.25	11.0	25.25	77.25	333.75	445.75	292.25	402.25	661.5	710.75	733.75	1128.25	838.0	793.0	1116.0	1438.0	1600.75	1388.25	1566.0	2055.5	5289.0	7325.5	4095.75	2297.0	1170.5	829.5	457.0	179.0	75.75	33.25	16.25	15.75	14.25	7.25	5.25	1.0	1.5	1.0	1.0	0.0	0.25	0.0	0.25	0.5	0.25	0.5	0.25	0.25	0.0	0.0	0.0	0.0	0.0	0.25	0.25	1.0	0.5	0.0	0.0	0.0	0.0	0.0	0.0	0.0	0.0	0.0	0.0	0.0	0.25	0.3333333333333333
P9723_1057_S57_L001_R1_001	0.0	0.0	0.0	0.0	0.0	0.0	0.0	0.0	0.0	0.0	0.0	0.0	0.0	0.0	0.0	0.0	0.0	0.0	0.0	0.0	0.0	0.0	0.0	0.0	0.0	0.25	0.25	0.5	1.25	0.5	1.75	3.0	7.75	26.75	50.5	124.5	307.75	296.0	510.0	915.25	1928.75	2714.25	7990.75	2661.75	1376.25	2450.25	2717.75	4534.75	4652.0	2879.75	6103.5	7567.25	1701.5	613.0	181.5	95.75	64.5	50.75	88.25	171.75	58.25	6.25	0.75	0.5	0.25	0.0	0.0	0.0	0.0	0.0	0.0	0.0	0.0	0.25	0.25	0.0	0.25	0.25	0.0	0.25	0.0	0.0	0.0	0.0	0.0	0.0	0.0	0.0	0.0	0.0	0.0	0.0	0.0	0.0	0.25	0.0	0.0	0.0	0.0	0.0	0.0
P9723_1058_S58_L001_R1_001	0.0	0.0	0.0	0.0	0.0	0.0	0.0	0.0	0.0	0.0	0.0	0.0	0.0	0.0	0.0	0.0	0.0	0.0	0.0	0.0	0.0	0.0	0.0	0.25	0.0	0.0	0.0	1.0	0.5	1.0	1.25	3.25	5.5	19.25	41.25	97.25	123.25	202.25	344.25	607.5	850.5	1740.75	2121.75	2437.0	6857.5	8957.25	8751.0	5864.5	7981.25	5255.75	2187.75	1819.25	1806.5	734.75	472.5	1596.5	1484.25	117.5	30.75	8.0	2.25	1.0	0.75	0.25	0.5	0.25	0.0	0.5	0.25	0.25	0.0	0.25	0.0	0.0	0.0	0.0	0.0	0.25	0.0	0.0	0.0	0.0	0.0	0.5	0.5	0.0	0.0	0.0	0.0	0.0	0.0	0.0	0.0	0.0	0.0	0.0	0.0	0.0	0.0	0.0	0.0
P9723_1058_S58_L001_R2_001	0.0	0.0	0.0	0.0	0.0	0.0	0.0	0.0	0.0	0.0	0.0	0.0	0.0	0.0	0.0	0.0	0.0	0.0	0.0	0.0	0.0	0.0	0.0	0.0	0.0	0.25	0.75	1.0	1.0	2.5	2.0	3.0	6.25	12.0	28.5	72.25	85.25	169.25	316.5	632.25	934.75	1511.25	2955.0	4393.25	4691.5	6965.75	8326.75	5288.5	5804.5	5211.75	3141.5	2216.25	1949.25	1284.75	659.0	399.75	430.25	964.0	824.0	335.0	101.5	32.25	9.75	4.25	1.75	1.25	1.0	1.0	0.25	0.5	0.0	0.0	0.0	0.5	1.0	0.75	0.5	0.25	0.0	0.0	0.25	0.25	0.0	0.0	0.0	0.0	0.0	0.0	0.0	0.0	0.0	0.0	0.0	0.0	0.25	0.25	0.0	0.0	0.0	0.0	0.0
P9723_1059_S59_L001_R1_001	0.0	0.0	0.0	0.0	0.0	0.0	0.0	0.0	0.0	0.0	0.0	0.0	0.0	0.0	0.0	0.0	0.0	0.0	0.0	0.0	0.25	0.25	0.0	0.0	0.0	0.0	0.0	0.0	1.25	6.75	7.75	13.25	236.5	248.5	66.5	114.0	193.75	357.75	703.25	1191.25	1826.5	1483.5	1323.5	1514.5	2824.5	2942.5	9133.0	6230.75	20930.0	19226.25	3309.25	1574.25	1043.0	575.75	900.5	434.0	148.75	44.75	16.25	10.0	16.75	11.25	7.0	3.0	1.75	1.0	0.5	0.5	0.0	0.5	0.25	0.0	0.0	0.0	0.25	0.25	0.25	0.25	0.25	0.25	0.0	0.0	0.25	0.25	0.0	0.0	0.0	0.0	0.0	0.25	0.0	0.0	0.0	0.0	0.0	0.25	0.25	0.5	0.25	0.75	0.3333333333333333
P9723_1059_S59_L001_R2_001	0.0	0.0	0.0	0.0	0.0	0.0	0.0	0.0	0.0	0.0	0.0	0.0	0.0	0.0	0.0	0.0	0.0	0.0	0.0	0.25	0.0	0.0	0.0	0.0	0.75	0.75	0.5	0.75	2.75	11.0	17.5	39.5	169.0	182.75	57.75	70.0	117.25	250.0	561.75	1013.0	1598.0	1801.25	1618.0	1993.25	3115.5	7012.0	7509.0	8575.0	15896.0	12653.75	4141.25	1850.0	1284.5	849.0	807.25	588.0	294.0	128.75	54.75	27.5	18.5	12.5	10.75	8.0	4.75	3.25	1.5	0.75	0.75	1.0	0.25	0.5	0.25	0.0	0.25	0.75	1.0	0.5	0.25	0.25	0.0	0.0	0.0	0.0	0.0	0.0	0.25	0.0	0.0	0.75	0.5	0.0	0.0	0.0	0.0	0.0	0.0	0.0	0.0	0.0	0.0
P9723_1060_S60_L001_R1_001	0.0	0.0	0.0	0.0	0.0	0.0	0.0	0.0	0.0	0.0	0.0	0.0	0.0	0.0	0.0	0.0	0.0	0.0	0.0	0.0	0.0	0.0	0.0	0.0	0.0	0.0	0.0	0.25	1.5	1.0	4.0	18.0	21.75	35.0	101.0	287.0	1123.75	1263.5	2096.0	1116.75	1377.5	1701.5	2248.5	1505.0	2185.25	3670.75	4702.25	8137.5	4804.5	4219.0	4459.25	8572.25	8330.0	7042.25	1493.0	586.75	145.0	46.0	19.5	30.75	36.0	13.25	19.0	5.25	1.0	0.0	0.25	0.0	0.0	0.25	0.75	0.0	0.0	0.5	1.0	0.0	0.0	0.0	0.25	0.0	0.25	0.25	0.0	0.0	0.0	0.0	0.0	0.25	0.0	0.0	0.0	0.0	0.0	0.0	0.25	0.25	0.0	0.0	0.0	0.0	0.3333333333333333
P9723_1060_S60_L001_R2_001	0.0	0.0	0.0	0.0	0.0	0.0	0.0	0.0	0.0	0.0	0.0	0.0	0.0	0.0	0.0	0.0	0.0	0.0	0.0	0.0	0.0	0.0	0.0	0.25	0.5	0.5	0.75	1.25	2.75	3.75	6.0	10.5	28.25	61.75	150.0	527.5	805.75	665.75	841.75	1850.0	1989.25	1725.0	2098.0	2121.5	2524.75	3051.25	4223.0	5379.0	3999.25	4078.75	4514.0	7190.25	8756.75	6965.25	3824.5	1364.5	659.25	326.25	144.0	62.5	30.75	25.25	25.75	17.25	11.5	7.0	3.5	0.5	1.0	0.75	0.75	0.5	0.25	0.5	0.25	0.25	0.75	0.5	0.0	0.0	0.0	0.25	0.0	0.0	0.0	0.0	0.0	0.0	0.0	0.0	0.0	0.0	0.0	0.0	0.0	0.0	0.25	0.0	0.0	0.0	0.0
P9723_1061_S61_L001_R1_001	0.0	0.0	0.0	0.0	0.0	0.0	0.0	0.0	0.0	0.0	0.0	0.0	0.0	0.0	0.0	0.0	0.0	0.0	0.0	0.0	0.0	0.0	0.0	0.5	0.0	0.0	0.0	0.25	2.0	2.25	2.5	4.75	8.75	44.25	71.5	196.5	442.5	432.25	706.5	1249.0	2712.0	3609.0	11175.0	3692.0	1931.75	3356.75	3673.0	6305.5	6577.0	4037.0	8347.25	10724.5	2782.5	1953.25	810.0	285.5	214.0	114.25	172.5	279.75	72.25	6.25	1.0	1.25	0.5	0.5	0.0	0.25	0.25	0.0	0.0	0.25	0.5	0.75	0.0	0.0	0.0	0.0	0.5	0.25	0.0	0.0	0.25	0.0	0.0	0.0	0.0	0.0	0.0	0.0	0.0	0.0	0.0	0.0	0.0	0.0	0.25	0.0	0.0	0.0	0.0
P9723_1061_S61_L001_R2_001	0.0	0.0	0.0	0.0	0.0	0.0	0.0	0.0	0.0	0.0	0.0	0.0	0.0	0.0	0.0	0.0	0.0	0.0	0.25	0.0	0.0	0.0	0.0	0.0	0.25	0.5	0.0	1.0	3.5	3.5	5.0	8.5	16.5	34.75	84.25	271.75	304.75	369.5	733.0	1381.75	2458.25	4004.25	8876.5	4387.25	3113.25	3902.75	3794.5	4425.5	5671.0	4554.0	4907.0	7933.5	7285.25	3585.75	1818.0	929.0	449.25	206.5	102.25	55.25	29.75	16.5	15.75	7.5	2.5	1.25	1.0	0.75	0.75	0.5	1.0	0.0	0.0	0.5	0.75	0.5	0.25	0.25	0.75	0.25	0.0	0.0	0.0	0.0	0.0	0.25	0.0	0.0	0.0	0.0	0.0	0.0	0.0	0.25	0.0	0.0	0.0	0.0	0.0	0.0	0.0
P9723_1062_S62_L001_R1_001	0.0	0.0	0.0	0.0	0.0	0.0	0.0	0.0	0.0	0.0	0.0	0.0	0.0	0.0	0.0	0.0	0.0	0.0	0.0	0.0	0.0	0.0	0.0	0.0	0.0	0.0	0.0	0.5	0.75	0.5	1.25	3.0	7.5	20.0	44.0	103.5	129.25	217.25	372.5	658.75	894.5	1806.5	2224.25	2464.25	6739.0	8878.75	8814.25	5825.0	7788.0	5153.0	2240.0	2388.5	2261.5	1211.75	738.5	1741.5	1588.25	143.0	36.5	12.5	4.75	2.75	0.25	1.0	1.25	0.25	0.0	0.0	0.0	0.0	0.0	0.0	0.0	0.0	0.25	0.0	0.0	0.0	0.0	0.0	0.0	0.0	0.0	0.0	0.0	0.0	0.0	0.25	0.0	0.0	0.0	0.0	0.0	0.0	0.0	0.0	0.0	0.25	0.0	0.0	0.0
P9723_1062_S62_L001_R2_001	0.0	0.0	0.0	0.0	0.0	0.0	0.0	0.0	0.0	0.0	0.0	0.0	0.0	0.0	0.0	0.0	0.0	0.0	0.0	0.0	0.0	0.0	0.0	0.0	0.0	0.0	0.5	0.75	1.5	2.25	3.0	2.75	5.25	11.5	23.0	66.75	98.25	169.75	329.5	652.75	930.0	1532.0	2952.0	4248.5	4839.25	6958.25	8323.0	5258.5	5655.5	5208.25	3270.5	2598.25	2403.75	1652.25	931.25	650.75	568.25	1037.75	840.25	366.0	118.75	30.75	10.75	6.5	2.25	1.25	0.75	1.75	1.25	2.0	1.25	0.25	0.75	0.75	0.75	0.0	0.0	0.0	0.0	0.0	0.0	0.0	0.0	0.0	0.0	0.0	0.0	0.0	0.25	0.5	0.5	0.0	0.0	0.0	0.0	0.0	0.0	0.0	0.0	0.0	0.0
P9723_1063_S63_L001_R1_001	0.0	0.0	0.0	0.0	0.0	0.0	0.0	0.0	0.0	0.0	0.0	0.0	0.0	0.0	0.0	0.0	0.0	0.0	0.0	0.0	0.0	0.0	0.0	0.0	0.0	0.0	0.0	1.0	2.25	5.75	9.25	15.5	203.5	213.5	62.25	115.25	232.0	407.0	749.0	1218.75	1771.0	1459.5	1333.25	1466.75	2623.5	2740.75	7916.0	5362.25	16656.75	15362.0	3041.0	1545.25	1326.0	810.25	818.75	412.25	218.75	96.25	30.75	16.0	22.25	14.25	20.0	22.25	18.5	14.5	4.5	1.5	1.25	0.25	0.25	0.0	0.0	0.25	0.25	0.0	0.0	0.0	0.0	0.0	0.0	0.0	0.0	0.0	0.25	0.0	0.0	0.0	0.0	0.0	0.0	0.0	0.0	0.0	0.0	0.0	0.0	0.0	0.0	0.0	0.0
P9723_1063_S63_L001_R2_001	0.0	0.0	0.0	0.0	0.0	0.0	0.0	0.0	0.0	0.0	0.0	0.0	0.0	0.0	0.0	0.0	0.0	0.0	0.0	0.0	0.0	0.0	0.0	0.0	0.0	0.75	0.75	1.5	2.0	9.0	15.5	33.0	144.75	161.25	40.0	44.5	64.0	153.75	393.25	700.0	1345.5	1506.0	1452.5	1771.5	2541.5	5374.25	6955.25	6699.5	12135.0	12479.75	4399.5	1869.75	1497.75	1078.75	898.5	604.25	310.0	149.75	76.5	49.5	31.5	19.75	14.5	17.5	16.5	13.75	10.25	8.75	6.5	3.25	1.75	2.75	1.25	0.25	0.75	0.0	0.25	0.5	0.5	0.25	0.0	0.0	0.0	0.5	0.5	0.0	0.0	0.25	0.0	0.25	0.0	0.0	0.0	0.0	0.0	0.0	0.0	0.0	0.0	0.25	0.3333333333333333
P9723_1064_S64_L001_R1_001	0.0	0.0	0.0	0.0	0.0	0.0	0.0	0.0	0.0	0.0	0.0	0.0	0.0	0.0	0.0	0.0	0.0	0.0	0.0	0.0	0.0	0.0	0.25	0.25	0.25	0.25	0.0	0.0	0.25	0.0	1.75	9.75	14.5	37.0	84.25	262.0	959.0	1033.0	1751.25	958.0	1162.75	1380.25	1821.5	1239.75	1787.75	2690.25	3474.25	6193.5	3808.75	3584.25	3972.0	7185.25	7388.25	8691.0	4795.75	1404.75	435.25	109.75	34.0	34.5	40.75	15.75	23.25	5.25	0.75	0.25	0.0	0.0	0.25	0.0	0.75	0.5	0.25	0.25	0.25	0.0	0.25	0.0	0.0	0.0	0.0	0.0	0.0	0.0	0.0	0.0	0.0	0.0	0.0	0.0	0.0	0.0	0.0	0.0	0.0	0.25	0.25	0.0	0.25	0.25	0.0
P9723_1064_S64_L001_R2_001	0.0	0.0	0.0	0.0	0.0	0.0	0.0	0.0	0.0	0.0	0.0	0.0	0.0	0.0	0.0	0.0	0.0	0.0	0.0	0.0	0.0	0.0	0.0	0.0	0.0	0.25	1.0	0.5	1.0	0.25	3.75	9.75	21.25	44.0	113.5	463.25	727.25	633.25	730.5	1631.25	1671.0	1388.25	1732.0	1783.25	1954.75	2217.0	3049.75	4072.0	3177.5	3176.75	3837.5	6224.5	7605.25	7511.0	5884.25	3289.25	1630.75	776.75	320.5	131.5	61.0	32.5	33.0	24.5	17.25	7.5	2.0	0.5	1.25	0.5	0.5	0.75	0.25	0.25	1.25	1.0	0.5	0.0	0.0	0.25	0.0	0.0	0.25	0.25	0.0	0.0	0.0	0.0	0.25	0.25	0.0	0.25	0.0	0.0	0.0	0.25	0.25	0.0	0.0	0.0	0.0
P9723_1065_S65_L001_R1_001	0.0	0.0	0.0	0.0	0.0	0.0	0.0	0.0	0.0	0.0	0.0	0.0	0.0	0.0	0.0	0.0	0.0	0.0	0.0	0.0	0.0	0.0	0.0	0.0	0.0	0.0	0.0	0.25	2.25	1.25	2.5	6.0	6.5	24.0	51.25	126.0	345.25	263.5	493.75	866.0	2107.5	1536.75	4484.75	2881.5	1545.0	3597.5	2505.75	4214.75	3554.25	2834.75	9903.75	6083.0	2172.0	1015.25	208.0	133.5	71.5	37.75	25.25	80.75	26.5	3.25	0.5	0.75	0.5	0.0	0.0	0.5	0.0	0.25	0.25	0.0	0.0	0.0	0.0	0.0	0.25	0.0	0.0	0.0	0.0	0.0	0.0	0.0	0.0	0.0	0.0	0.0	0.0	0.0	0.0	0.0	0.0	0.0	0.25	0.0	0.0	0.0	0.0	0.0	0.0
P9723_1065_S65_L001_R2_001	0.0	0.0	0.0	0.0	0.0	0.0	0.0	0.0	0.0	0.0	0.0	0.0	0.0	0.0	0.0	0.0	0.0	0.0	0.0	0.0	0.0	0.0	0.0	0.0	0.0	0.5	0.25	1.0	2.25	3.0	2.0	3.25	11.25	16.5	45.5	203.0	234.0	213.25	465.75	1027.5	1903.75	1663.0	2279.75	1531.5	3158.0	4558.0	2898.5	2903.75	3146.0	3048.75	6863.5	8770.75	4681.0	2126.25	830.25	316.75	142.75	82.0	44.0	20.0	10.75	7.5	6.0	3.0	1.25	1.75	0.25	0.5	0.0	0.0	0.25	0.0	0.75	0.5	0.25	0.0	0.0	0.0	0.0	0.0	0.0	0.0	0.0	0.0	0.0	0.0	0.0	0.0	0.0	0.0	0.0	0.0	0.0	0.0	0.0	0.0	0.0	0.0	0.0	0.0	0.0
P9723_1066_S66_L001_R1_001	0.0	0.0	0.0	0.0	0.0	0.0	0.0	0.0	0.0	0.0	0.0	0.0	0.0	0.0	0.0	0.0	0.0	0.0	0.0	0.0	0.0	0.0	0.0	0.0	0.0	0.0	0.25	0.0	0.0	1.25	1.0	1.0	3.75	8.0	22.0	45.5	69.25	112.5	180.25	252.5	380.5	505.5	571.0	818.75	1318.75	4084.0	5136.5	7240.5	5147.75	5342.75	3249.25	3540.75	2443.75	845.25	489.0	1280.5	928.5	78.75	18.25	6.5	3.0	1.0	0.0	0.0	0.25	0.25	0.25	0.25	0.0	0.0	0.0	0.0	0.0	0.0	0.0	0.0	0.0	0.0	0.0	0.0	0.0	0.25	0.0	0.0	0.0	0.0	0.0	0.0	0.0	0.0	0.0	0.0	0.0	0.0	0.0	0.0	0.0	0.0	0.0	0.0	0.0
P9723_1066_S66_L001_R2_001	0.0	0.0	0.0	0.0	0.0	0.0	0.0	0.0	0.0	0.0	0.0	0.0	0.0	0.0	0.0	0.0	0.0	0.0	0.0	0.0	0.0	0.0	0.0	0.0	0.25	0.75	0.25	0.0	0.75	0.75	1.25	1.25	2.0	3.25	10.0	20.0	39.75	80.5	135.75	224.5	399.0	450.75	532.25	819.25	1220.0	3552.25	4996.75	5496.5	6213.0	5568.5	3793.25	3281.0	2841.5	1340.25	668.0	359.25	354.25	840.25	600.75	221.5	63.75	17.5	6.75	2.75	1.0	0.25	0.5	0.25	0.25	0.5	0.75	0.5	0.5	0.0	0.0	0.5	0.0	0.25	0.0	0.0	0.0	0.0	0.0	0.0	0.0	0.0	0.0	0.25	0.0	0.0	0.0	0.0	0.0	0.0	0.0	0.0	0.0	0.0	0.0	0.0	0.3333333333333333
P9723_1067_S67_L001_R1_001	0.0	0.0	0.0	0.0	0.0	0.0	0.0	0.0	0.0	0.0	0.0	0.0	0.0	0.0	0.0	0.25	0.0	0.0	0.0	0.0	0.0	0.0	0.0	0.0	0.5	0.0	0.75	0.5	1.25	4.0	5.25	9.25	94.25	102.0	45.25	81.25	163.0	275.25	529.5	1228.75	1701.0	1456.5	1239.0	1224.5	2951.75	4144.0	4471.25	1988.0	3188.0	3354.0	2433.0	1635.25	1087.75	1336.25	3939.75	2767.25	641.5	117.0	33.5	15.25	12.5	11.0	17.5	13.25	9.25	4.75	2.25	0.75	0.0	0.5	0.25	0.25	0.5	0.25	0.25	0.0	0.25	0.25	0.0	0.0	0.0	0.0	0.25	0.25	0.0	0.0	0.0	0.0	0.0	0.0	0.0	0.0	0.0	0.0	0.0	0.0	0.0	0.0	0.0	0.0	0.0
P9723_1067_S67_L001_R2_001	0.0	0.0	0.0	0.0	0.0	0.0	0.0	0.0	0.0	0.0	0.0	0.0	0.25	0.0	0.0	0.0	0.0	0.0	0.0	0.0	0.0	0.25	0.25	0.5	0.75	0.5	0.25	1.25	1.75	5.0	7.25	13.5	68.5	74.5	28.0	43.25	82.75	184.25	399.75	878.25	1619.5	1414.5	1420.0	1899.25	2540.75	4462.25	4201.25	2426.0	2570.5	2825.0	2482.5	1713.5	1351.0	1403.25	2771.25	3089.75	1731.0	586.75	198.25	83.5	37.0	21.5	16.25	11.0	10.5	7.25	7.75	4.75	3.75	2.0	0.25	1.0	0.5	0.5	0.5	0.75	0.75	0.0	0.0	0.25	0.25	0.0	0.0	0.0	0.0	0.0	0.0	0.0	0.0	0.0	0.0	0.25	0.0	0.0	0.0	0.0	0.0	0.0	0.0	0.0	0.3333333333333333
P9723_1068_S68_L001_R1_001	0.0	0.0	0.0	0.0	0.0	0.0	0.0	0.0	0.0	0.0	0.0	0.0	0.0	0.0	0.0	0.0	0.0	0.0	0.0	0.0	0.0	0.0	0.0	0.0	0.0	0.0	0.0	0.0	0.25	0.75	3.5	10.25	16.25	107.75	181.0	426.25	1525.0	1192.25	1099.25	1473.25	1719.0	2111.75	2179.5	2855.25	2267.0	3868.5	3278.5	3923.5	4706.0	3459.5	2270.5	7960.5	7847.5	4904.25	1480.25	426.75	350.75	86.75	32.75	70.75	66.25	21.0	16.25	4.75	1.25	0.25	0.5	0.0	0.0	0.0	0.75	1.0	0.5	0.0	0.5	0.75	0.25	0.0	0.0	0.0	0.25	0.25	0.0	0.0	0.0	0.0	0.0	0.0	0.0	0.0	0.0	0.0	0.0	0.0	0.0	0.0	0.0	0.0	0.0	0.0	0.0
P9723_1068_S68_L001_R2_001	0.0	0.0	0.0	0.0	0.0	0.0	0.0	0.0	0.0	0.0	0.0	0.0	0.0	0.0	0.0	0.0	0.0	0.0	0.0	0.0	0.5	0.5	0.0	0.25	0.25	0.25	0.75	1.0	2.25	2.0	4.75	12.5	29.25	71.25	204.5	861.75	1110.75	924.75	956.75	1175.0	1915.0	1912.5	2277.5	3017.5	2372.25	3139.25	3809.75	4181.0	3812.25	3263.75	3269.25	5714.5	6917.0	4921.5	2701.75	1042.75	567.5	307.0	122.75	64.5	50.0	42.0	50.5	32.75	15.25	9.25	2.5	0.75	0.5	0.5	0.75	0.5	0.5	1.25	0.5	1.25	0.75	0.75	1.5	0.5	0.25	0.0	0.5	0.25	0.0	0.0	0.0	0.25	0.0	0.0	0.0	0.0	0.0	0.0	0.0	0.0	0.0	0.0	0.0	0.0	0.0
P9723_1069_S69_L001_R1_001	0.0	0.0	0.0	0.0	0.0	0.0	0.0	0.0	0.0	0.0	0.0	0.0	0.0	0.0	0.0	0.0	0.0	0.0	0.0	0.0	0.0	0.0	0.25	0.25	0.5	0.0	0.5	0.5	0.75	1.0	4.5	11.75	10.0	31.75	63.5	147.0	372.5	364.0	609.5	1091.75	2507.25	2016.25	5680.0	3652.5	1962.5	4541.0	3334.5	5643.25	4720.75	4038.5	14789.0	9078.75	3692.5	3192.25	758.75	353.5	182.75	99.5	74.0	110.25	32.25	3.75	0.5	0.25	0.5	2.25	1.0	0.0	0.25	0.75	0.5	0.25	1.0	1.25	0.25	0.25	0.0	0.0	0.5	0.25	0.0	0.0	0.0	0.0	0.25	0.0	0.25	0.0	0.0	0.0	0.0	0.0	0.0	0.0	0.0	0.0	0.0	0.0	0.0	0.0	0.0
P9723_1069_S69_L001_R2_001	0.0	0.0	0.0	0.0	0.0	0.0	0.0	0.0	0.0	0.0	0.0	0.0	0.0	0.0	0.0	0.0	0.0	0.0	0.0	0.0	0.0	0.0	0.25	0.25	0.25	0.25	1.5	1.25	1.5	4.0	2.75	5.75	13.75	24.25	54.25	203.25	237.5	238.25	560.25	1231.5	2304.75	2069.0	2886.25	2031.0	4045.75	5674.0	3720.5	3791.0	4170.5	4223.25	9849.75	12964.75	7429.25	4383.5	2076.25	883.5	404.0	200.25	115.75	68.25	35.5	16.0	9.25	6.25	2.0	1.5	1.75	1.0	0.5	0.0	0.0	0.25	0.5	0.75	1.0	0.5	1.25	0.5	0.5	0.0	0.5	0.0	0.5	0.0	0.0	0.0	0.0	0.25	0.25	0.25	0.25	0.25	0.5	0.25	0.0	0.0	0.0	0.0	0.0	0.0	0.3333333333333333
P9723_1070_S70_L001_R1_001	0.0	0.0	0.0	0.0	0.0	0.0	0.0	0.0	0.0	0.0	0.0	0.0	0.0	0.0	0.0	0.0	0.0	0.0	0.0	0.0	0.0	0.0	0.0	0.0	0.0	0.0	0.0	0.0	0.0	0.75	0.75	1.25	3.5	10.0	23.5	55.5	89.75	136.25	222.0	297.5	465.25	610.75	699.25	913.5	1492.0	4688.0	5913.75	8327.75	5920.25	5980.0	3693.25	4246.75	2958.75	1077.75	633.5	1590.75	1192.5	129.25	32.5	9.75	12.25	2.25	1.25	0.75	0.25	0.0	0.0	0.0	0.0	0.0	0.25	0.5	0.25	0.0	0.25	0.0	0.0	0.0	0.25	0.0	0.25	0.25	0.25	0.25	0.0	0.0	0.0	0.25	0.0	0.0	0.0	0.0	0.0	0.0	0.0	0.0	0.0	0.0	0.0	0.0	0.0
P9723_1070_S70_L001_R2_001	0.0	0.0	0.0	0.0	0.0	0.0	0.0	0.0	0.0	0.0	0.0	0.0	0.0	0.0	0.0	0.0	0.0	0.0	0.0	0.0	0.0	0.0	0.0	0.0	0.0	0.0	0.25	0.0	0.0	0.25	1.25	0.75	1.75	4.5	9.5	21.75	49.0	88.75	164.5	287.5	471.75	534.75	663.75	930.75	1420.75	3982.75	5674.75	6172.75	6989.25	6323.5	4375.25	3821.5	3392.5	1773.75	891.5	531.5	488.5	990.25	754.5	298.75	106.0	37.25	11.75	5.25	2.5	1.75	1.25	1.0	0.5	0.5	0.75	0.25	0.0	0.25	0.25	0.75	0.25	0.75	0.0	0.0	0.0	0.0	0.0	0.0	0.0	0.0	0.0	0.0	0.0	0.0	0.0	0.0	0.0	0.0	0.0	0.0	0.0	0.0	0.0	0.0	0.0
P9723_1071_S71_L001_R1_001	0.0	0.0	0.0	0.0	0.0	0.0	0.0	0.0	0.0	0.0	0.0	0.0	0.0	0.0	0.0	0.0	0.0	0.25	0.0	0.0	0.25	0.25	0.0	0.0	0.0	0.75	1.0	0.75	2.25	6.25	6.25	10.75	144.0	162.75	85.0	152.25	287.25	505.75	937.25	2087.75	2791.75	2244.75	1872.25	1889.0	4340.75	5997.0	6728.25	3021.25	4548.25	4940.0	3767.75	2694.0	1755.75	2136.5	5917.0	4163.0	1123.75	249.5	80.75	36.25	21.5	24.5	38.25	53.5	41.5	20.5	9.25	2.5	0.5	0.25	0.5	0.25	0.0	0.0	0.25	0.5	0.25	0.5	1.0	0.25	0.0	0.0	0.0	0.25	0.25	0.0	0.0	0.0	0.0	0.0	0.0	0.0	0.0	0.0	0.0	0.0	0.0	0.0	0.0	0.0	0.0
P9723_1071_S71_L001_R2_001	0.0	0.0	0.0	0.0	0.0	0.0	0.0	0.0	0.0	0.0	0.0	0.0	0.0	0.0	0.0	0.0	0.0	0.0	0.0	0.25	0.25	0.0	0.5	0.25	0.25	0.25	0.75	1.75	4.0	5.5	8.25	19.5	98.5	127.75	35.5	39.0	81.5	171.0	453.75	1048.25	2437.25	1945.0	2015.75	2694.75	4072.75	7029.5	6661.0	3699.0	3752.0	4384.75	3794.0	2789.75	2283.5	2361.25	4551.25	4794.5	2555.5	902.5	342.25	156.75	75.75	39.75	34.5	39.5	36.5	34.5	30.25	21.5	11.0	5.0	2.75	1.5	1.25	0.75	0.25	0.5	0.0	0.0	0.5	0.25	0.0	0.25	0.0	0.0	0.0	0.0	0.0	0.0	0.0	0.5	0.0	0.0	0.0	0.0	0.0	0.0	0.0	0.0	0.0	0.0	0.0
P9723_1072_S72_L001_R1_001	0.0	0.0	0.0	0.0	0.0	0.0	0.0	0.0	0.0	0.0	0.0	0.0	0.0	0.0	0.0	0.0	0.0	0.0	0.0	0.0	0.0	0.0	0.0	0.0	0.0	0.0	0.0	0.0	0.25	0.25	1.25	4.0	7.5	38.0	64.5	151.75	577.75	494.25	510.0	637.0	767.75	1031.5	1041.0	1482.0	1144.75	1920.75	1663.25	2065.75	2699.0	1990.75	1300.0	4389.0	4575.25	3668.25	2575.25	894.25	409.0	81.0	41.75	76.75	59.0	22.5	11.75	3.5	0.75	0.25	0.0	0.0	0.0	0.5	0.5	0.0	0.0	0.0	0.25	0.25	0.0	0.25	0.25	0.0	0.0	0.0	0.0	0.0	0.0	0.0	0.0	0.0	0.0	0.0	0.0	0.0	0.0	0.0	0.0	0.0	0.0	0.0	0.0	0.0	0.0
P9723_1072_S72_L001_R2_001	0.0	0.0	0.0	0.0	0.0	0.0	0.0	0.0	0.0	0.0	0.0	0.0	0.0	0.0	0.0	0.0	0.0	0.0	0.0	0.0	0.0	0.0	0.25	0.0	0.0	0.0	0.25	0.25	2.0	2.5	3.25	4.0	12.25	20.75	67.75	310.0	444.0	396.75	400.0	547.0	862.25	968.0	1168.5	1585.5	1191.5	1578.0	1954.5	2286.75	2069.75	1694.75	1783.0	3260.0	4008.0	3352.5	2734.25	1689.25	921.75	424.75	162.25	90.5	61.75	53.0	43.25	23.0	14.75	6.5	3.0	0.75	0.5	0.5	1.0	0.5	0.0	0.0	0.25	0.5	0.75	0.5	0.0	0.25	0.0	0.25	0.0	0.0	0.0	0.5	0.25	0.0	0.0	0.0	0.0	0.0	0.0	0.0	0.0	0.0	0.0	0.0	0.0	0.0	0.0
P9723_1073_S73_L001_R1_001	0.0	0.0	0.0	0.0	0.0	0.0	0.0	0.0	0.0	0.0	0.0	0.0	0.0	0.0	0.0	0.0	0.0	0.0	0.0	0.0	0.0	0.0	0.0	0.0	0.0	0.0	0.0	0.0	0.0	0.25	0.75	3.75	6.5	11.0	28.5	90.5	180.75	562.5	587.25	3396.75	4234.25	1296.75	1067.0	1331.5	2483.0	1798.75	2781.5	7062.5	6541.25	4131.25	1617.5	3951.25	3834.0	1509.75	290.25	79.5	64.75	59.5	35.75	27.0	6.75	0.5	0.25	0.5	0.25	0.0	0.0	0.0	0.25	0.0	0.0	0.25	0.25	0.0	0.0	0.0	0.0	0.0	0.0	0.0	0.0	0.0	0.0	0.0	0.0	0.0	0.0	0.0	0.0	0.0	0.0	0.0	0.0	0.0	0.5	0.25	0.25	0.0	0.0	0.0	0.0
P9723_1073_S73_L001_R2_001	0.0	0.0	0.0	0.0	0.0	0.0	0.0	0.0	0.0	0.0	0.0	0.0	0.0	0.0	0.0	0.0	0.0	0.0	0.0	0.0	0.0	0.0	0.0	0.0	0.25	0.25	0.25	0.0	0.75	1.25	1.5	5.0	9.25	15.0	35.5	98.5	215.0	521.75	686.0	2023.75	3943.0	1733.0	1201.0	1255.75	1052.75	1705.0	3667.75	5380.0	6808.0	3941.5	1729.0	1285.75	2980.5	4261.5	1583.0	576.0	242.5	97.0	42.25	18.25	9.75	5.25	2.25	1.75	1.25	0.75	0.25	0.25	0.25	0.75	0.0	0.25	0.25	0.0	0.25	0.0	0.0	0.0	0.0	0.0	0.0	0.25	0.0	0.0	0.0	0.0	0.25	0.75	0.0	0.0	0.0	0.0	0.0	0.0	0.0	0.0	0.0	0.0	0.0	0.0	0.0
P9723_1074_S74_L001_R1_001	0.0	0.0	0.0	0.0	0.0	0.0	0.0	0.0	0.0	0.0	0.0	0.0	0.0	0.0	0.0	0.0	0.0	0.0	0.0	0.0	0.0	0.25	0.0	0.0	0.0	0.0	0.0	0.5	2.0	5.75	4.75	3.25	6.25	23.5	61.25	151.0	269.75	612.25	783.75	1174.75	2448.75	2080.0	1609.0	2427.5	5177.5	2187.5	1923.25	3910.75	3311.0	2435.25	1398.25	1436.5	1289.0	1774.0	1569.75	1205.25	211.5	70.25	113.5	78.5	10.75	1.75	0.25	0.25	0.25	0.25	0.5	0.0	0.25	0.25	0.0	0.0	0.0	0.25	0.5	0.0	0.0	0.0	0.0	0.0	0.0	0.0	0.0	0.0	0.0	0.0	0.0	0.0	0.0	0.0	0.0	0.0	0.0	0.0	0.0	0.0	0.0	0.0	0.0	0.0	0.0
P9723_1074_S74_L001_R2_001	0.0	0.0	0.0	0.0	0.0	0.0	0.0	0.0	0.0	0.0	0.0	0.0	0.0	0.0	0.0	0.0	0.0	0.0	0.0	0.0	0.0	0.0	0.25	0.0	0.0	0.25	0.25	1.25	1.5	3.5	6.25	5.75	9.75	18.5	35.75	101.25	201.75	407.0	652.5	1164.75	2065.25	2019.75	1897.75	2015.25	3002.5	4738.25	2457.25	2815.0	4090.25	2676.0	1915.75	1456.0	1276.5	1613.75	1547.5	1281.75	559.25	215.25	92.5	36.25	15.25	8.5	4.5	2.5	1.75	2.0	2.25	0.5	0.25	0.5	0.25	0.25	0.5	0.5	0.25	0.0	0.0	0.25	0.25	0.0	0.0	0.0	0.0	0.0	0.0	0.0	0.0	0.0	0.0	0.0	0.0	0.0	0.0	0.0	0.0	0.0	0.25	0.0	0.0	0.25	0.3333333333333333
P9723_1075_S75_L001_R1_001	0.0	0.0	0.0	0.0	0.0	0.0	0.0	0.0	0.0	0.0	0.0	0.0	0.0	0.0	0.0	0.0	0.0	0.0	0.0	0.0	0.0	0.0	0.0	0.0	0.0	0.0	0.0	0.0	0.75	1.0	1.75	5.25	5.25	8.75	14.0	46.0	77.75	136.25	374.25	568.0	762.5	1895.0	3606.5	1995.5	1564.0	2564.25	3385.25	7104.0	9476.25	4350.75	4902.25	2161.5	1982.25	515.0	221.0	230.25	154.75	23.25	8.0	5.0	1.25	1.25	0.75	0.0	0.0	0.0	0.0	0.25	0.75	0.0	0.0	0.25	0.25	0.25	0.25	0.0	0.0	0.0	0.25	0.0	0.0	0.0	0.0	0.0	0.25	0.0	0.0	0.0	0.0	0.0	0.0	0.0	0.0	0.0	0.0	0.0	0.0	0.0	0.0	0.0	0.0
P9723_1075_S75_L001_R2_001	0.0	0.0	0.0	0.0	0.0	0.0	0.0	0.0	0.0	0.0	0.0	0.0	0.0	0.0	0.0	0.0	0.0	0.0	0.0	0.0	0.0	0.0	0.25	0.25	0.0	0.0	0.25	0.25	0.75	1.75	3.75	3.75	10.5	10.5	20.5	42.0	80.25	196.25	442.25	614.25	1039.5	2151.25	2584.25	1714.5	1749.25	2406.25	3427.75	4805.75	7765.5	4746.0	4110.0	4802.5	2399.25	1654.25	883.75	387.75	186.5	153.75	116.5	53.0	19.75	6.25	6.0	3.0	0.75	1.0	1.5	1.0	0.5	0.5	0.75	0.5	0.0	0.5	0.25	0.75	0.5	0.25	0.25	0.5	0.0	0.0	0.0	0.0	0.0	0.25	0.0	0.0	0.0	0.0	0.0	0.0	0.0	0.0	0.0	0.0	0.0	0.0	0.0	0.0	0.0
P9723_1076_S76_L001_R1_001	0.0	0.0	0.0	0.0	0.0	0.0	0.0	0.0	0.0	0.0	0.0	0.0	0.0	0.0	0.0	0.0	0.0	0.0	0.0	0.0	0.0	0.0	0.0	0.0	0.0	0.0	0.0	0.0	0.0	0.0	0.0	0.0	0.0	0.0	0.5	0.75	1.0	3.25	4.5	5.75	5.75	9.75	9.0	10.75	16.75	17.5	20.75	21.75	15.25	13.0	9.5	7.5	7.5	7.25	3.0	1.75	0.75	0.25	0.25	0.0	0.0	0.0	0.0	0.0	0.0	0.0	0.0	0.0	0.0	0.0	0.0	0.0	0.0	0.0	0.0	0.0	0.0	0.0	0.0	0.0	0.0	0.0	0.0	0.0	0.0	0.0	0.0	0.0	0.0	0.0	0.0	0.0	0.0	0.0	0.0	0.0	0.0	0.0	0.0	0.0	0.0
P9723_1076_S76_L001_R2_001	0.0	0.0	0.0	0.0	0.0	0.0	0.0	0.0	0.0	0.0	0.0	0.0	0.0	0.0	0.0	0.0	0.0	0.0	0.0	0.0	0.0	0.0	0.0	0.0	0.0	0.0	0.0	0.0	0.0	0.0	0.0	0.0	0.0	0.0	0.25	0.5	2.0	3.25	4.0	2.25	5.75	8.0	8.75	9.5	10.75	18.75	17.5	16.5	16.25	15.75	9.25	11.0	10.0	6.75	4.25	2.5	3.25	2.0	0.75	0.75	0.0	0.25	0.0	0.0	0.0	0.0	0.0	0.0	0.0	0.0	0.0	0.0	0.0	0.0	0.0	0.0	0.0	0.0	0.0	0.0	0.0	0.0	0.0	0.0	0.0	0.0	0.0	0.0	0.0	0.0	0.0	0.0	0.0	0.0	0.0	0.0	0.0	0.0	0.0	0.0	0.0
P9723_1077_S77_L001_R1_001	0.0	0.0	0.0	0.0	0.0	0.0	0.0	0.0	0.0	0.0	0.0	0.0	0.0	0.0	0.0	0.0	0.0	0.0	0.0	0.0	0.0	0.0	0.0	0.0	0.0	0.0	0.0	0.0	0.75	1.25	2.0	2.75	4.0	14.5	40.75	98.25	205.0	583.25	605.0	3271.5	4085.0	1285.75	1097.0	1349.75	2420.75	1740.25	2672.25	6593.5	6396.0	4196.75	1575.25	3656.75	3521.0	1447.75	312.75	99.25	104.0	87.75	53.75	26.0	8.5	2.25	0.5	0.0	0.0	0.0	0.0	0.0	0.0	0.0	0.0	0.0	0.0	0.25	0.0	0.0	0.0	0.25	0.25	0.0	0.0	0.25	0.0	0.0	0.0	0.0	0.0	0.0	0.0	0.0	0.0	0.0	0.0	0.0	0.0	0.0	0.0	0.0	0.0	0.25	0.3333333333333333
P9723_1077_S77_L001_R2_001	0.0	0.0	0.0	0.0	0.0	0.0	0.0	0.0	0.0	0.0	0.0	0.0	0.0	0.0	0.0	0.0	0.0	0.0	0.0	0.0	0.0	0.25	0.25	0.0	0.0	0.25	0.25	0.25	1.0	2.0	1.75	3.5	10.5	16.5	39.5	108.5	225.25	557.5	727.0	1925.0	3694.5	1720.75	1264.5	1284.75	1105.75	1708.75	3499.75	5018.0	6456.5	3948.75	1811.5	1338.75	2770.25	3817.25	1550.5	592.75	258.75	117.0	55.75	30.0	13.75	6.75	5.5	2.0	0.75	0.25	0.25	0.25	0.25	0.5	0.25	0.75	0.25	0.25	0.25	0.25	0.75	0.5	0.0	0.0	0.0	0.0	0.0	0.0	0.0	0.0	0.0	0.0	0.0	0.0	0.0	0.0	0.0	0.0	0.0	0.0	0.0	0.0	0.0	0.0	0.0
P9723_1078_S78_L001_R1_001	0.0	0.0	0.0	0.0	0.0	0.0	0.0	0.0	0.0	0.0	0.0	0.0	0.0	0.0	0.0	0.0	0.0	0.0	0.0	0.0	0.0	0.0	0.0	0.25	0.25	0.25	0.0	0.5	1.75	6.25	5.5	2.0	5.0	19.25	46.5	126.75	205.5	450.0	569.75	867.0	1954.75	1583.75	1197.25	1845.25	4027.0	1639.25	1530.5	3356.5	2677.5	2056.25	1175.75	1315.25	1474.25	2350.75	1825.0	1355.75	600.25	444.25	197.25	109.5	19.25	5.25	2.5	0.5	0.5	0.25	0.0	0.25	0.25	0.0	0.0	0.25	0.25	0.0	0.25	0.0	0.0	0.0	0.0	0.0	0.0	0.0	0.25	0.0	0.0	0.0	0.0	0.0	0.0	0.0	0.0	0.0	0.0	0.0	0.0	0.0	0.0	0.0	0.0	0.0	0.0
P9723_1078_S78_L001_R2_001	0.0	0.0	0.0	0.0	0.0	0.0	0.0	0.0	0.0	0.0	0.0	0.0	0.0	0.0	0.0	0.0	0.0	0.0	0.0	0.0	0.0	0.0	0.25	0.0	0.0	0.0	0.5	0.5	1.0	6.25	6.75	3.75	7.0	15.75	32.5	82.75	151.25	324.0	482.5	996.25	1569.25	1524.5	1390.25	1495.5	2227.75	3561.75	2000.0	2383.5	3413.25	2286.25	1634.0	1349.25	1353.25	1943.25	1900.5	1432.0	725.0	333.25	327.5	307.5	148.75	58.0	25.75	9.25	4.75	0.75	2.5	2.0	1.0	0.75	0.25	0.75	1.0	0.25	0.25	0.25	0.5	0.25	0.0	0.0	0.25	0.25	0.25	0.0	0.25	0.25	0.0	0.0	0.0	0.0	0.0	0.0	0.0	0.0	0.0	0.0	0.0	0.0	0.0	0.0	0.0
P9723_1079_S79_L001_R1_001	0.0	0.0	0.0	0.0	0.0	0.0	0.0	0.0	0.0	0.0	0.0	0.0	0.0	0.0	0.0	0.0	0.0	0.0	0.0	0.0	0.0	0.0	0.0	0.25	0.0	0.0	0.0	0.25	0.0	1.0	1.0	1.75	3.0	6.5	18.25	50.75	81.5	150.75	372.5	566.75	835.0	1921.5	3453.75	2095.25	1620.0	2627.75	3536.25	7187.0	9225.5	4279.5	5020.25	2208.25	1941.25	603.5	311.75	331.5	214.25	40.25	15.5	13.75	33.0	7.0	1.0	0.0	0.0	0.0	0.0	0.0	0.0	0.0	0.0	0.0	0.0	0.5	0.25	0.0	0.0	0.0	0.0	0.0	0.0	0.0	0.0	0.0	0.0	0.0	0.0	0.0	0.0	0.0	0.0	0.0	0.0	0.25	0.0	0.0	0.0	0.0	0.0	0.0	0.0
P9723_1079_S79_L001_R2_001	0.0	0.0	0.0	0.0	0.0	0.0	0.0	0.0	0.0	0.0	0.0	0.0	0.0	0.0	0.0	0.0	0.0	0.0	0.0	0.0	0.0	0.0	0.0	0.0	0.0	0.25	0.0	0.25	0.5	1.75	2.25	2.5	4.0	6.75	14.75	40.0	69.0	141.0	333.0	495.25	848.25	1821.0	2731.75	1838.0	1740.25	2443.5	3406.0	4642.0	8171.5	4916.5	4183.25	5062.5	2486.75	1689.75	895.75	462.75	243.5	195.75	141.25	75.25	47.25	27.5	13.5	4.5	1.75	0.75	1.5	1.0	0.5	0.0	0.25	0.25	0.25	0.25	0.0	0.0	0.5	0.0	0.25	0.25	0.0	0.0	0.25	0.0	0.0	0.0	0.0	0.0	0.0	0.0	0.0	0.0	0.0	0.0	0.0	0.0	0.25	0.0	0.0	0.0	0.0
P9723_1080_S80_L001_R1_001	0.0	0.0	0.0	0.0	0.0	0.0	0.0	0.0	0.0	0.0	0.0	0.0	0.0	0.0	0.0	0.0	0.0	0.0	0.0	0.0	0.0	0.0	0.0	0.0	0.0	0.0	0.0	0.0	0.0	0.0	0.0	0.0	0.25	0.25	0.0	0.5	1.25	1.75	3.5	5.5	8.25	10.5	10.75	12.0	14.0	12.0	16.25	15.5	17.25	13.0	12.25	11.75	6.75	5.25	3.75	1.0	0.0	1.0	0.75	0.25	0.0	0.0	0.0	0.0	0.0	0.0	0.0	0.0	0.0	0.0	0.0	0.0	0.0	0.0	0.0	0.0	0.0	0.0	0.0	0.0	0.0	0.0	0.0	0.0	0.0	0.0	0.0	0.0	0.0	0.0	0.0	0.0	0.0	0.0	0.0	0.0	0.0	0.0	0.0	0.0	0.0
P9723_1080_S80_L001_R2_001	0.0	0.0	0.0	0.0	0.0	0.0	0.0	0.0	0.0	0.0	0.0	0.0	0.0	0.0	0.0	0.0	0.0	0.0	0.0	0.0	0.0	0.0	0.0	0.0	0.0	0.0	0.0	0.0	0.0	0.0	0.0	0.0	0.0	0.5	0.75	1.0	1.25	2.25	3.25	2.75	4.75	9.5	9.25	9.75	10.5	9.5	13.0	16.25	13.75	13.25	13.75	12.5	10.75	8.25	7.75	5.75	3.5	2.25	2.0	1.0	0.25	0.75	0.5	0.5	0.0	0.0	0.0	0.0	0.0	0.0	0.0	0.0	0.0	0.0	0.0	0.0	0.0	0.0	0.0	0.0	0.0	0.0	0.0	0.0	0.0	0.0	0.0	0.0	0.0	0.0	0.0	0.0	0.0	0.0	0.0	0.0	0.0	0.0	0.0	0.0	0.0
P9723_1081_S81_L001_R1_001	0.0	0.0	0.0	0.0	0.0	0.0	0.0	0.0	0.0	0.0	0.0	0.0	0.0	0.0	0.0	0.0	0.0	0.0	0.0	0.0	0.0	0.0	0.0	0.0	0.0	0.0	0.0	0.0	0.0	0.25	0.25	1.25	3.25	8.25	20.0	65.25	175.25	103.5	174.25	390.0	671.75	406.0	288.25	345.5	622.25	860.5	2311.0	5322.0	6541.25	4739.5	1385.75	1561.75	925.5	348.0	107.0	61.5	84.25	330.0	138.75	52.25	11.75	1.0	0.25	0.25	0.25	0.0	0.0	0.0	0.0	0.0	0.0	0.0	0.0	0.0	0.0	0.0	0.0	0.0	0.0	0.0	0.0	0.0	0.0	0.0	0.0	0.0	0.0	0.0	0.0	0.0	0.0	0.0	0.0	0.0	0.0	0.0	0.0	0.0	0.0	0.0	0.0
P9723_1081_S81_L001_R2_001	0.0	0.0	0.0	0.0	0.0	0.0	0.0	0.0	0.0	0.0	0.0	0.0	0.0	0.0	0.0	0.0	0.0	0.0	0.0	0.0	0.0	0.0	0.0	0.0	0.0	0.0	0.25	0.5	0.0	0.5	0.75	2.5	4.5	7.75	23.5	110.0	111.25	77.75	190.75	452.5	466.75	379.5	349.75	362.25	518.5	1070.25	2158.5	3719.5	6613.0	4124.0	1998.5	1286.25	1248.0	721.25	309.0	138.5	60.0	42.25	54.5	169.0	185.75	90.5	28.0	9.0	3.25	0.75	0.75	0.25	0.25	0.0	0.25	0.25	0.25	0.25	0.5	0.75	0.0	0.25	0.5	0.0	0.25	0.0	0.0	0.0	0.0	0.0	0.25	0.25	0.0	0.0	0.0	0.0	0.0	0.0	0.0	0.25	0.25	0.0	0.0	0.0	0.0
P9723_1082_S82_L001_R1_001	0.0	0.0	0.0	0.0	0.0	0.0	0.0	0.0	0.0	0.0	0.0	0.0	0.0	0.0	0.0	0.0	0.0	0.0	0.0	0.0	0.0	0.0	0.0	0.0	0.0	0.0	0.25	0.75	1.75	6.5	6.5	1.0	4.75	14.25	29.25	89.25	208.75	206.0	388.0	1027.0	3109.75	1464.5	1307.5	700.5	1316.75	1809.5	3540.5	9914.75	3141.25	1489.75	1542.0	1327.0	1070.0	550.5	466.0	204.25	103.0	51.75	8.0	4.5	3.0	1.25	0.25	0.25	0.0	0.0	0.0	0.0	0.25	0.5	0.25	0.0	0.0	0.25	0.0	0.0	0.0	0.0	0.25	0.25	0.0	0.25	0.0	0.0	0.0	0.0	0.0	0.0	0.0	0.0	0.0	0.0	0.0	0.5	0.0	0.0	0.0	0.0	0.0	0.0	0.0
P9723_1082_S82_L001_R2_001	0.0	0.0	0.0	0.0	0.0	0.0	0.0	0.0	0.0	0.0	0.0	0.0	0.0	0.0	0.0	0.0	0.0	0.0	0.0	0.0	0.0	0.0	0.25	0.0	0.0	0.5	0.25	0.75	3.25	4.75	3.75	2.0	4.25	11.5	33.75	113.5	137.5	116.75	256.75	555.75	973.0	1619.5	3072.5	1300.75	1186.25	1790.5	2842.25	4884.0	5850.5	3555.25	3203.25	2136.75	1261.5	926.0	589.0	434.25	196.0	91.25	59.25	32.5	18.0	7.5	3.5	2.5	1.25	1.0	1.0	0.25	0.25	0.25	0.25	0.25	0.25	0.0	0.25	0.75	0.0	0.25	0.25	0.25	0.0	0.0	0.0	0.0	0.25	0.5	0.0	0.25	0.0	0.0	0.0	0.0	0.0	0.0	0.0	0.0	0.0	0.0	0.0	0.0	0.3333333333333333
P9723_1083_S83_L001_R1_001	0.0	0.0	0.0	0.0	0.0	0.0	0.0	0.0	0.0	0.0	0.0	0.0	0.0	0.0	0.0	0.0	0.0	0.0	0.0	0.0	0.0	0.0	0.0	0.0	0.0	0.0	0.0	0.5	2.25	4.75	2.5	4.5	7.0	16.25	35.5	74.0	114.5	180.5	318.75	486.0	747.5	2161.75	2686.25	924.0	1152.75	2759.0	5307.0	8152.0	3988.25	2460.75	965.0	733.5	904.5	486.75	250.75	113.25	64.5	21.5	9.0	4.5	3.5	1.0	0.75	0.25	0.0	0.0	0.25	0.0	0.5	0.25	0.25	0.0	0.0	0.0	0.0	0.0	0.0	0.0	0.25	0.0	0.0	0.0	0.0	0.0	0.0	0.0	0.0	0.0	0.0	0.0	0.0	0.0	0.0	0.0	0.0	0.0	0.0	0.0	0.0	0.0	0.0
P9723_1083_S83_L001_R2_001	0.0	0.0	0.0	0.0	0.0	0.0	0.0	0.0	0.0	0.0	0.0	0.0	0.0	0.0	0.0	0.0	0.0	0.0	0.0	0.0	0.0	0.0	0.0	0.0	0.0	0.0	0.0	0.0	1.0	3.0	5.25	5.25	5.0	6.25	13.0	31.25	58.75	113.5	229.75	400.0	618.25	1250.5	2519.5	1418.75	1307.0	2740.75	4328.75	5340.25	5950.75	2747.5	1905.0	1821.5	1084.75	808.75	405.25	236.5	122.25	59.25	39.0	19.75	11.75	5.25	3.25	1.75	0.25	1.25	1.25	1.0	0.5	0.25	0.0	0.0	0.25	0.5	0.25	0.0	0.0	0.0	0.25	0.0	0.25	0.0	0.0	0.0	0.0	0.0	0.0	0.25	0.0	0.25	0.0	0.0	0.0	0.0	0.0	0.0	0.0	0.0	0.0	0.0	0.0
P9723_1084_S84_L001_R1_001	0.0	0.0	0.0	0.0	0.0	0.0	0.0	0.0	0.0	0.0	0.0	0.0	0.0	0.0	0.0	0.0	0.0	0.0	0.0	0.0	0.0	0.0	0.0	0.0	0.0	0.0	0.25	0.0	0.25	0.25	0.0	0.25	0.75	0.0	0.75	2.0	5.25	7.25	6.25	9.5	10.0	10.5	14.25	16.5	15.75	15.25	20.25	22.5	15.25	13.25	9.5	7.25	5.75	6.0	3.75	1.75	0.0	0.5	0.25	0.0	0.0	0.0	0.0	0.0	0.0	0.0	0.0	0.0	0.0	0.0	0.0	0.0	0.0	0.0	0.0	0.0	0.0	0.0	0.0	0.0	0.0	0.0	0.0	0.0	0.0	0.0	0.0	0.0	0.0	0.0	0.0	0.0	0.0	0.0	0.0	0.0	0.0	0.0	0.0	0.0	0.0
P9723_1084_S84_L001_R2_001	0.0	0.0	0.0	0.0	0.0	0.0	0.0	0.0	0.0	0.0	0.0	0.0	0.0	0.0	0.0	0.0	0.0	0.0	0.0	0.0	0.0	0.0	0.0	0.0	0.0	0.25	0.0	0.0	0.25	0.0	0.0	0.0	0.0	0.25	0.0	1.25	2.5	3.75	4.25	9.75	8.0	10.0	14.5	17.75	18.75	20.75	17.25	17.0	14.5	12.5	12.0	11.0	9.0	6.75	3.0	1.25	2.5	2.5	0.75	0.75	0.25	0.0	0.25	0.0	0.0	0.0	0.0	0.0	0.0	0.0	0.0	0.0	0.0	0.0	0.0	0.0	0.0	0.0	0.0	0.0	0.0	0.0	0.0	0.0	0.0	0.0	0.0	0.0	0.0	0.0	0.0	0.0	0.0	0.0	0.0	0.0	0.0	0.0	0.0	0.0	0.0
P9723_1085_S85_L001_R1_001	0.0	0.0	0.0	0.0	0.0	0.0	0.0	0.0	0.0	0.0	0.0	0.0	0.0	0.0	0.0	0.0	0.0	0.0	0.0	0.0	0.0	0.0	0.0	0.0	0.0	0.0	0.0	0.25	0.5	2.0	2.5	4.75	7.75	20.75	41.0	132.25	307.5	231.5	351.75	741.5	1221.25	773.75	562.5	636.75	1128.25	1517.0	3977.25	9141.75	11943.25	9033.0	2651.5	2798.75	1638.25	738.75	257.25	153.0	221.75	862.0	345.75	109.0	33.0	6.0	1.25	0.75	0.25	0.0	0.0	0.0	0.25	0.75	0.25	0.25	0.5	0.0	0.0	0.0	0.0	0.0	0.0	0.0	0.0	0.0	0.0	0.0	0.0	0.25	0.5	0.25	0.0	0.0	0.0	0.0	0.0	0.0	0.0	0.0	0.0	0.0	0.0	0.25	0.3333333333333333
P9723_1085_S85_L001_R2_001	0.0	0.0	0.0	0.0	0.0	0.0	0.0	0.0	0.0	0.0	0.0	0.0	0.0	0.0	0.0	0.0	0.0	0.0	0.0	0.0	0.0	0.0	0.0	0.0	0.0	0.0	0.25	0.25	0.0	0.75	2.0	4.0	8.0	21.25	46.75	182.5	181.0	154.25	329.25	680.25	925.0	750.25	702.5	720.75	1022.75	1910.0	3733.75	6485.0	11630.75	7677.0	3859.5	2529.25	2190.75	1359.25	625.25	296.0	171.0	125.75	153.0	433.0	458.75	236.25	88.0	33.25	10.5	5.0	1.5	1.5	0.0	0.25	0.75	0.5	0.75	0.25	0.5	0.25	0.0	0.75	0.5	0.25	0.0	0.0	0.0	0.0	0.0	0.0	0.0	0.0	0.0	0.0	0.0	0.0	0.25	0.0	0.0	0.0	0.0	0.0	0.0	0.0	0.3333333333333333
P9723_1086_S86_L001_R1_001	0.0	0.0	0.0	0.0	0.0	0.0	0.0	0.0	0.0	0.0	0.0	0.0	0.0	0.0	0.0	0.0	0.0	0.0	0.0	0.0	0.0	0.0	0.0	0.0	0.0	0.0	0.0	0.0	1.5	4.75	3.25	1.25	3.25	14.0	33.0	78.75	179.75	190.0	338.0	851.25	2554.0	1238.75	1111.0	576.0	1118.0	1594.25	3062.0	8737.75	2781.25	1311.25	1345.5	1246.5	1092.0	776.25	914.25	524.25	719.25	891.25	173.75	31.5	33.25	11.25	1.25	0.5	0.25	0.25	0.5	0.0	0.0	0.5	0.5	0.0	0.25	0.25	0.25	0.25	0.0	0.0	0.0	0.0	0.0	0.0	0.0	0.0	0.0	0.0	0.0	0.0	0.0	0.0	0.0	0.0	0.0	0.0	0.0	0.0	0.25	0.25	0.0	0.0	0.0
P9723_1086_S86_L001_R2_001	0.0	0.0	0.0	0.0	0.0	0.0	0.0	0.0	0.0	0.0	0.0	0.0	0.0	0.0	0.0	0.0	0.0	0.0	0.0	0.0	0.0	0.0	0.0	0.0	0.0	0.5	0.75	0.5	1.0	2.75	4.25	3.5	5.25	11.75	28.25	97.5	113.0	97.5	219.25	490.0	802.75	1343.25	2539.75	1136.25	1032.25	1549.0	2505.0	4289.0	5085.0	3103.5	2862.25	1897.5	1192.75	1028.5	843.0	725.75	377.75	241.75	486.0	618.5	342.0	132.5	48.0	17.25	8.25	2.5	1.5	0.5	0.5	0.5	0.75	0.5	0.25	0.25	0.5	0.25	0.25	0.25	0.25	0.0	0.25	0.25	0.25	0.0	0.25	0.0	0.0	0.0	0.0	0.0	0.0	0.0	0.0	0.0	0.0	0.0	0.0	0.0	0.0	0.0	0.0
P9723_1087_S87_L001_R1_001	0.0	0.0	0.0	0.0	0.0	0.0	0.0	0.0	0.0	0.0	0.0	0.0	0.0	0.0	0.0	0.0	0.0	0.0	0.0	0.0	0.0	0.0	0.0	0.0	0.0	0.0	0.0	1.0	1.0	2.25	1.75	5.25	4.5	13.25	32.0	50.0	94.0	166.5	261.5	400.25	629.5	1867.25	2285.5	820.25	1025.25	2432.75	4749.75	7122.25	3490.5	2189.5	871.0	683.25	836.5	488.25	280.0	212.25	133.25	46.75	31.5	34.5	87.0	17.5	3.25	1.25	0.25	0.5	0.25	0.0	0.0	0.25	0.25	0.0	0.0	0.0	0.0	0.0	0.0	0.0	0.0	0.0	0.0	0.0	0.0	0.0	0.0	0.0	0.0	0.0	0.0	0.0	0.0	0.0	0.0	0.0	0.0	0.0	0.0	0.0	0.0	0.25	0.0
P9723_1087_S87_L001_R2_001	0.0	0.0	0.0	0.0	0.0	0.0	0.0	0.0	0.0	0.0	0.0	0.0	0.0	0.0	0.0	0.0	0.0	0.0	0.0	0.0	0.0	0.0	0.0	0.0	0.0	0.0	0.0	0.0	1.0	1.75	1.75	2.25	4.25	4.75	10.0	20.0	35.5	63.75	138.25	243.0	436.0	1003.0	2213.5	1133.0	1053.0	2331.5	3761.75	5072.75	5547.25	2323.5	1642.5	1713.75	1029.0	766.75	412.25	274.75	186.25	109.0	66.75	45.0	68.0	56.75	26.25	10.5	3.0	2.5	1.5	0.75	1.0	0.0	0.0	0.0	0.5	0.25	0.0	0.0	0.0	0.0	0.0	0.0	0.25	0.0	0.0	0.0	0.0	0.0	0.0	0.0	0.0	0.0	0.0	0.0	0.0	0.0	0.0	0.25	0.0	0.0	0.25	0.25	0.0
P9723_1088_S88_L001_R1_001	0.0	0.0	0.0	0.0	0.0	0.0	0.0	0.0	0.0	0.0	0.0	0.0	0.0	0.0	0.0	0.0	0.0	0.0	0.0	0.0	0.0	0.0	0.0	0.0	0.0	0.0	0.0	0.0	0.0	0.0	0.25	1.75	7.75	18.75	41.25	84.5	149.25	238.5	342.25	378.0	421.75	436.5	385.25	361.25	331.0	339.0	392.75	974.25	2698.5	311.5	109.75	55.25	24.75	14.0	7.5	3.5	3.0	3.25	1.75	0.25	0.25	0.0	0.0	0.25	0.0	0.0	0.25	0.25	0.0	0.25	0.25	0.25	0.0	0.0	0.0	0.0	0.0	0.0	0.0	0.0	0.0	0.0	0.0	0.0	0.0	0.0	0.0	0.0	0.0	0.0	0.0	0.0	0.0	0.0	0.0	0.0	0.0	0.0	0.25	0.0	0.0
P9723_1088_S88_L001_R2_001	0.0	0.0	0.0	0.0	0.0	0.0	0.0	0.0	0.0	0.0	0.0	0.0	0.0	0.0	0.0	0.0	0.0	0.0	0.0	0.0	0.0	0.0	0.0	0.0	0.0	0.0	0.0	0.25	0.0	0.0	0.0	0.0	1.25	3.0	8.5	26.25	61.75	109.5	178.75	291.0	409.5	460.25	470.25	448.5	395.0	360.25	326.5	362.75	854.25	2190.75	887.5	311.25	134.5	69.25	38.5	18.25	8.5	5.5	2.5	1.75	0.75	1.5	1.5	0.25	0.25	0.25	0.25	0.0	0.5	0.25	0.25	0.5	0.0	0.25	0.25	0.25	0.0	0.0	0.0	0.0	0.0	0.0	0.0	0.0	0.0	0.0	0.0	0.0	0.0	0.0	0.0	0.0	0.0	0.0	0.25	0.25	0.0	0.0	0.0	0.0	0.0
P9723_1089_S89_L001_R1_001	0.0	0.0	0.0	0.0	0.0	0.0	0.0	0.0	0.0	0.0	0.0	0.0	0.0	0.0	0.0	0.0	0.0	0.0	0.0	0.0	0.0	0.0	0.0	0.0	0.0	0.0	0.0	0.25	1.0	0.5	0.5	3.5	8.75	20.25	56.75	210.25	629.0	278.75	384.5	554.0	1093.75	733.0	529.0	815.25	1885.0	1333.0	1828.25	5006.25	7229.0	5580.0	1865.0	4284.5	1523.0	585.5	174.5	84.75	78.0	32.25	44.0	174.25	47.75	4.75	0.75	0.5	0.25	0.25	0.25	0.25	0.0	0.0	0.25	0.0	0.0	0.0	0.25	0.0	0.25	0.0	0.0	0.0	0.0	0.0	0.0	0.0	0.0	0.25	0.25	0.0	0.0	0.0	0.0	0.25	0.0	0.0	0.0	0.0	0.0	0.0	0.0	0.0	0.0
P9723_1089_S89_L001_R2_001	0.0	0.0	0.0	0.0	0.0	0.0	0.0	0.0	0.0	0.0	0.0	0.0	0.0	0.0	0.0	0.0	0.0	0.0	0.0	0.0	0.0	0.0	0.0	0.0	0.0	0.0	0.0	0.5	1.5	2.75	2.5	2.75	12.5	25.75	84.25	420.5	407.0	202.25	350.25	711.75	717.75	712.5	647.5	724.5	1022.75	1440.5	2222.5	3618.25	6439.0	4732.5	3106.0	2629.25	3432.0	1777.0	744.0	309.25	134.5	57.5	26.5	11.75	3.5	2.75	3.5	1.5	1.5	0.0	0.0	0.25	0.0	0.25	0.25	0.25	0.25	0.0	0.0	0.0	0.0	0.25	0.5	0.0	0.0	0.0	0.0	0.0	0.5	0.25	0.0	0.0	0.0	0.0	0.0	0.0	0.25	0.25	0.0	0.0	0.0	0.0	0.0	0.0	0.0
P9723_1090_S90_L001_R1_001	0.0	0.0	0.0	0.0	0.0	0.0	0.0	0.0	0.0	0.0	0.0	0.0	0.0	0.0	0.0	0.0	0.0	0.0	0.0	0.0	0.0	0.0	0.0	0.0	0.0	0.0	0.0	0.0	0.25	1.5	3.0	2.25	4.75	14.25	36.25	81.75	153.75	243.75	448.0	834.0	1218.5	1640.75	1124.75	741.5	1369.5	1858.75	4084.25	10366.0	7595.5	1732.25	1460.5	1973.75	1642.25	589.0	458.0	693.5	172.0	67.75	14.25	2.75	1.75	0.75	0.25	0.25	0.0	0.0	0.0	0.0	0.0	0.0	0.0	0.0	0.0	0.0	0.0	0.0	0.25	0.0	0.25	0.0	0.0	0.0	0.0	0.0	0.0	0.0	0.0	0.0	0.0	0.0	0.0	0.0	0.0	0.0	0.0	0.0	0.0	0.0	0.0	0.0	0.0
P9723_1090_S90_L001_R2_001	0.0	0.0	0.0	0.0	0.0	0.0	0.0	0.0	0.0	0.0	0.0	0.0	0.0	0.0	0.0	0.0	0.0	0.0	0.0	0.0	0.0	0.0	0.0	0.0	0.0	0.0	0.0	0.25	1.75	1.25	1.25	3.0	4.5	10.25	18.75	48.0	92.5	182.75	434.75	848.0	1094.0	1399.0	1168.0	988.0	1294.5	2153.5	3474.75	6177.25	7617.75	3370.75	2060.75	2035.75	1735.5	1043.5	621.75	433.25	473.0	337.0	165.75	73.5	34.0	16.25	5.0	2.5	0.5	0.75	0.25	0.0	0.0	0.0	0.0	0.0	0.0	0.0	0.25	0.5	0.25	0.5	0.25	0.0	0.0	0.0	0.0	0.0	0.0	0.0	0.0	0.0	0.0	0.0	0.0	0.0	0.0	0.0	0.0	0.0	0.0	0.0	0.0	0.25	0.3333333333333333
P9723_1091_S91_L001_R1_001	0.0	0.0	0.0	0.0	0.0	0.0	0.0	0.0	0.0	0.0	0.0	0.0	0.0	0.0	0.0	0.0	0.0	0.0	0.0	0.0	0.0	0.0	0.0	0.0	0.0	0.0	0.25	0.25	0.5	1.0	1.75	4.75	6.0	11.5	35.0	69.0	102.75	155.75	291.0	525.0	659.25	1736.75	1568.0	874.75	1650.5	2414.0	4819.0	10167.5	4311.5	2215.5	1131.25	849.25	1012.5	330.75	135.0	61.75	39.0	20.5	32.75	34.75	5.25	2.25	0.5	0.0	0.25	0.0	0.0	0.25	0.25	0.0	0.0	0.0	0.0	0.0	0.0	0.0	0.0	0.0	0.0	0.0	0.0	0.0	0.0	0.0	0.0	0.0	0.0	0.0	0.0	0.0	0.0	0.0	0.0	0.0	0.0	0.0	0.0	0.0	0.0	0.25	0.3333333333333333
P9723_1091_S91_L001_R2_001	0.0	0.0	0.0	0.0	0.0	0.0	0.0	0.0	0.0	0.0	0.0	0.0	0.0	0.0	0.0	0.0	0.0	0.0	0.0	0.0	0.0	0.0	0.0	0.0	0.0	0.0	0.25	0.25	0.5	1.5	1.75	2.0	2.5	6.0	12.25	30.25	66.0	110.5	248.5	464.75	660.75	1069.25	1601.75	1044.0	1460.75	2778.75	4391.25	6259.5	7144.0	3070.25	2083.25	1705.25	1049.25	714.25	337.25	158.75	65.75	29.75	15.5	10.25	8.0	4.75	2.0	1.25	1.75	0.25	0.5	0.75	1.0	0.0	0.0	0.0	0.0	0.5	0.25	0.0	0.25	0.5	0.25	0.0	0.25	0.25	0.0	0.0	0.0	0.0	0.0	0.0	0.0	0.0	0.0	0.0	0.0	0.0	0.0	0.0	0.0	0.0	0.0	0.0	0.0
P9723_1092_S92_L001_R1_001	0.0	0.0	0.0	0.0	0.0	0.0	0.0	0.0	0.0	0.0	0.0	0.0	0.0	0.0	0.0	0.0	0.0	0.0	0.0	0.0	0.0	0.0	0.0	0.0	0.0	0.0	0.0	0.0	0.0	0.0	0.0	0.0	0.0	0.0	0.5	0.25	1.25	2.0	2.5	4.0	7.0	6.5	7.75	11.75	14.25	13.25	15.75	17.5	13.75	12.25	8.5	8.25	4.5	3.25	1.5	0.25	0.0	0.0	0.25	0.25	0.0	0.0	0.0	0.0	0.0	0.0	0.0	0.0	0.0	0.0	0.0	0.0	0.0	0.0	0.0	0.0	0.0	0.0	0.0	0.0	0.0	0.0	0.0	0.0	0.0	0.0	0.0	0.0	0.0	0.0	0.0	0.0	0.0	0.0	0.0	0.0	0.0	0.0	0.0	0.0	0.0
P9723_1092_S92_L001_R2_001	0.0	0.0	0.0	0.0	0.0	0.0	0.0	0.0	0.0	0.0	0.0	0.0	0.0	0.0	0.0	0.0	0.0	0.0	0.0	0.0	0.0	0.0	0.0	0.0	0.0	0.0	0.0	0.0	0.0	0.25	0.0	0.0	0.25	0.0	0.25	0.5	1.0	0.25	2.25	2.5	4.25	5.0	7.75	8.75	10.25	13.0	14.0	18.75	15.0	15.25	11.5	8.25	5.25	4.25	3.5	2.0	0.75	0.25	0.5	0.5	0.0	0.0	0.0	0.0	0.0	0.0	0.0	0.0	0.0	0.0	0.0	0.0	0.0	0.0	0.0	0.0	0.0	0.0	0.0	0.0	0.0	0.0	0.0	0.0	0.0	0.0	0.0	0.0	0.0	0.0	0.0	0.0	0.0	0.0	0.0	0.0	0.0	0.0	0.0	0.0	0.0
P9723_1093_S93_L001_R1_001	0.0	0.0	0.0	0.0	0.0	0.0	0.0	0.0	0.0	0.0	0.0	0.0	0.0	0.0	0.0	0.0	0.0	0.0	0.0	0.0	0.0	0.0	0.0	0.0	0.5	0.5	0.0	0.25	1.0	0.75	1.25	4.5	10.75	22.0	60.25	255.5	715.75	291.75	396.5	570.25	1178.0	778.75	588.75	927.0	2201.25	1626.75	2389.75	6391.75	9584.0	7447.75	2514.75	5469.25	2041.25	1078.75	329.0	173.0	171.75	79.5	58.75	206.25	61.75	7.5	1.75	0.75	0.25	0.0	0.0	0.0	0.25	0.0	0.0	0.5	0.25	0.0	0.0	0.0	0.0	0.5	0.0	0.25	0.25	0.0	0.0	0.0	0.0	0.0	0.0	0.0	0.25	0.25	0.0	0.25	0.0	0.0	0.0	0.25	0.0	0.0	0.0	0.0	0.0
P9723_1093_S93_L001_R2_001	0.0	0.0	0.0	0.0	0.0	0.0	0.0	0.0	0.0	0.0	0.0	0.0	0.0	0.0	0.0	0.0	0.0	0.0	0.0	0.0	0.0	0.0	0.0	0.5	0.0	0.0	0.25	0.75	2.0	1.5	3.0	7.25	13.0	33.0	94.5	485.5	463.5	226.0	359.5	632.0	892.0	758.0	677.75	784.5	1188.25	1718.0	2704.25	4677.5	8407.5	6427.75	4116.25	3504.5	4353.0	2478.0	1134.0	489.75	235.0	115.0	59.5	30.25	13.5	6.75	4.0	3.75	1.75	1.25	1.0	0.25	0.5	0.0	0.0	0.25	0.5	0.0	0.25	0.25	0.0	0.5	0.25	0.0	0.0	0.0	0.0	0.0	0.0	0.0	0.0	0.0	0.0	0.0	0.0	0.0	0.0	0.0	0.0	0.0	0.0	0.0	0.0	0.0	0.0
P9723_1094_S94_L001_R1_001	0.0	0.0	0.0	0.0	0.0	0.0	0.0	0.0	0.0	0.0	0.0	0.0	0.0	0.0	0.0	0.0	0.0	0.0	0.0	0.0	0.0	0.0	0.0	0.0	0.25	0.25	0.0	0.5	1.0	3.0	2.0	2.5	5.75	15.0	36.5	88.75	155.25	244.0	461.5	841.75	1254.75	1697.25	1185.0	791.75	1425.25	1844.0	4020.5	11129.25	7973.25	1803.5	1524.5	2054.0	1759.0	904.0	872.0	1134.25	236.5	102.25	22.0	13.5	24.75	5.75	1.25	0.75	0.0	0.25	0.5	0.5	0.0	0.0	0.0	0.0	0.0	0.0	0.0	0.0	0.0	0.0	0.0	0.0	0.25	0.0	0.0	0.0	0.0	0.0	0.0	0.0	0.25	0.0	0.0	0.0	0.0	0.25	0.0	0.0	0.0	0.0	0.0	0.0	0.0
P9723_1094_S94_L001_R2_001	0.0	0.0	0.0	0.0	0.0	0.0	0.0	0.0	0.0	0.0	0.0	0.0	0.0	0.25	0.0	0.0	0.0	0.0	0.0	0.0	0.0	0.0	0.0	0.25	0.0	0.25	0.25	0.5	1.5	2.5	1.75	2.25	3.75	9.25	21.0	49.75	85.75	180.5	447.25	896.25	1068.25	1436.75	1242.25	1020.0	1372.75	2205.0	3548.25	6770.25	8139.75	3396.5	2203.0	2112.75	1778.0	1204.5	869.5	766.25	767.5	478.5	208.25	93.0	50.75	28.25	17.75	9.5	1.75	1.5	0.25	1.25	0.25	0.0	0.25	0.25	0.0	0.0	0.25	0.25	0.75	0.25	0.0	0.25	0.25	0.0	0.0	0.0	0.0	0.25	0.25	0.0	0.0	0.0	0.0	0.0	0.0	0.0	0.0	0.0	0.0	0.0	0.0	0.0	0.0
P9723_1095_S95_L001_R1_001	0.0	0.0	0.0	0.0	0.0	0.0	0.0	0.0	0.0	0.0	0.0	0.0	0.0	0.0	0.0	0.0	0.0	0.0	0.0	0.0	0.0	0.0	0.0	0.0	0.0	0.0	0.0	0.5	0.0	2.25	3.0	6.5	4.75	10.25	30.5	62.0	94.75	158.5	285.0	510.0	663.0	1690.25	1617.5	903.25	1600.75	2374.25	4973.5	10052.25	4340.75	2293.5	1222.0	887.5	1046.25	385.5	211.25	136.0	63.5	42.25	47.0	47.25	54.25	10.75	1.25	0.25	0.0	0.0	0.0	0.0	0.0	0.0	0.0	0.0	0.0	0.0	0.0	0.25	0.0	0.0	0.0	0.0	0.0	0.25	0.0	0.0	0.0	0.0	0.0	0.0	0.0	0.0	0.0	0.0	0.0	0.0	0.0	0.0	0.0	0.0	0.0	0.0	0.0
P9723_1095_S95_L001_R2_001	0.0	0.0	0.0	0.0	0.0	0.0	0.0	0.0	0.0	0.0	0.0	0.0	0.0	0.0	0.0	0.0	0.0	0.0	0.0	0.0	0.0	0.0	0.0	0.0	0.0	0.0	0.0	0.0	0.5	1.75	2.75	1.75	5.75	4.25	11.0	29.25	41.5	65.75	176.25	344.75	546.75	956.0	1636.0	950.25	1393.0	2749.0	4323.0	6526.75	7595.25	3056.25	2104.5	1825.5	1104.25	803.25	414.25	228.5	118.0	57.0	31.5	29.0	42.25	33.75	16.5	7.5	2.25	0.5	0.5	0.25	0.25	0.0	0.0	0.25	0.0	0.0	0.0	0.0	0.0	0.0	0.25	0.5	0.5	0.5	0.0	0.25	0.25	0.0	0.0	0.0	0.0	0.0	0.0	0.25	0.0	0.0	0.0	0.0	0.0	0.0	0.0	0.0	0.0
P9723_1096_S96_L001_R1_001	0.0	0.0	0.0	0.0	0.0	0.0	0.0	0.0	0.0	0.0	0.0	0.0	0.0	0.0	0.0	0.0	0.0	0.0	0.0	0.0	0.0	0.0	0.0	0.0	0.0	0.0	0.0	0.0	0.0	0.25	0.25	0.25	2.25	2.0	9.0	19.0	34.75	82.25	172.75	326.25	631.75	1040.0	2247.75	2656.5	3399.0	4679.75	3890.25	3296.0	1801.25	979.5	512.0	277.25	179.75	45.0	21.75	10.25	10.25	4.75	2.25	2.25	2.0	0.25	0.25	0.5	0.75	0.5	0.0	0.0	0.0	0.0	0.0	0.0	0.0	0.0	0.0	0.0	0.0	0.0	0.0	0.0	0.0	0.0	0.0	0.25	0.25	0.0	0.0	0.0	0.0	0.0	0.0	0.0	0.0	0.0	0.0	0.0	0.0	0.0	0.0	0.0	0.0
P9723_1096_S96_L001_R2_001	0.0	0.0	0.0	0.0	0.0	0.0	0.0	0.0	0.0	0.0	0.0	0.0	0.0	0.0	0.0	0.0	0.0	0.0	0.0	0.0	0.0	0.0	0.0	0.0	0.0	0.0	0.0	0.25	0.0	0.25	0.25	0.25	0.75	3.25	5.5	8.0	18.5	39.25	87.75	162.75	253.5	350.75	672.25	1276.5	1104.25	1622.25	3198.75	5153.25	5168.0	3824.75	1915.25	796.75	394.0	194.25	96.25	48.0	25.0	16.75	10.5	4.5	2.75	2.25	2.25	1.5	1.0	1.75	0.5	0.5	0.25	0.25	0.25	0.25	1.25	0.25	0.0	0.0	0.25	0.25	0.25	0.0	0.0	0.0	0.25	0.25	0.25	0.0	0.0	0.0	0.0	0.0	0.0	0.0	0.0	0.0	0.0	0.25	0.0	0.0	0.0	0.0	0.0
