	16.0	17.0	18.0	19.0	20.0	21.0	22.0	23.0	24.0	25.0	26.0	27.0	28.0	29.0	30.0	31.0	32.0	33.0	34.0	35.0	36.0	37.0
P9723_1001_S1_L001_R1_001	6.0	29.0	164.0	560.0	2870.0	7760.0	6092.0	5427.0	5065.0	4777.0	4620.0	4836.0	4875.0	5355.0	5745.0	6537.0	7778.0	9712.0	12734.0	18905.0	35088.0	49792.0
	12.0	13.0	14.0	15.0	16.0	17.0	18.0	19.0	20.0	21.0	22.0	23.0	24.0	25.0	26.0	27.0	28.0	29.0	30.0	31.0	32.0	33.0	34.0	35.0	36.0	37.0
P9723_1001_S1_L001_R2_001	2.0	42.0	112.0	130.0	295.0	793.0	1934.0	5160.0	10565.0	9463.0	6361.0	5963.0	6092.0	6467.0	6812.0	7692.0	8687.0	10288.0	12167.0	14874.0	19098.0	25517.0	25131.0	11762.0	3250.0	70.0
	16.0	17.0	18.0	19.0	20.0	21.0	22.0	23.0	24.0	25.0	26.0	27.0	28.0	29.0	30.0	31.0	32.0	33.0	34.0	35.0	36.0	37.0
P9723_1002_S2_L001_R1_001	7.0	61.0	260.0	863.0	4895.0	12150.0	8659.0	7373.0	6550.0	6280.0	6258.0	6292.0	6389.0	6795.0	7482.0	8510.0	10061.0	12442.0	16641.0	24304.0	43465.0	61125.0
	12.0	13.0	14.0	15.0	16.0	17.0	18.0	19.0	20.0	21.0	22.0	23.0	24.0	25.0	26.0	27.0	28.0	29.0	30.0	31.0	32.0	33.0	34.0	35.0	36.0	37.0
P9723_1002_S2_L001_R2_001	2.0	63.0	145.0	176.0	423.0	1069.0	2528.0	7039.0	15543.0	14949.0	8327.0	7835.0	7760.0	7947.0	8563.0	9550.0	10688.0	12491.0	14809.0	17832.0	21513.0	26997.0	31170.0	22470.0	6923.0	50.0
	13.0	14.0	15.0	16.0	17.0	18.0	19.0	20.0	21.0	22.0	23.0	24.0	25.0	26.0	27.0	28.0	29.0	30.0	31.0	32.0	33.0	34.0	35.0	36.0	37.0
P9723_1003_S3_L001_R1_001	2.0	6.0	25.0	30.0	65.0	250.0	824.0	4381.0	10215.0	8643.0	7585.0	7129.0	7142.0	6940.0	7237.0	7522.0	7897.0	8742.0	9857.0	11360.0	14002.0	18308.0	25574.0	45810.0	66091.0
	11.0	12.0	13.0	14.0	15.0	16.0	17.0	18.0	19.0	20.0	21.0	22.0	23.0	24.0	25.0	26.0	27.0	28.0	29.0	30.0	31.0	32.0	33.0	34.0	35.0	36.0	37.0
P9723_1003_S3_L001_R2_001	13.0	29.0	95.0	199.0	294.0	572.0	1370.0	3885.0	9173.0	16538.0	15852.0	10449.0	9884.0	9831.0	10191.0	11036.0	11952.0	13461.0	15066.0	17400.0	20574.0	24488.0	28650.0	27333.0	14218.0	3054.0	30.0
	13.0	14.0	15.0	16.0	17.0	18.0	19.0	20.0	21.0	22.0	23.0	24.0	25.0	26.0	27.0	28.0	29.0	30.0	31.0	32.0	33.0	34.0	35.0	36.0	37.0
P9723_1004_S4_L001_R1_001	1.0	2.0	15.0	23.0	57.0	232.0	744.0	3994.0	8890.0	5986.0	5142.0	4842.0	4698.0	4782.0	4907.0	5095.0	5502.0	5942.0	6614.0	7849.0	9640.0	12474.0	17641.0	31352.0	53834.0
	11.0	12.0	13.0	14.0	15.0	16.0	17.0	18.0	19.0	20.0	21.0	22.0	23.0	24.0	25.0	26.0	27.0	28.0	29.0	30.0	31.0	32.0	33.0	34.0	35.0	36.0	37.0
P9723_1004_S4_L001_R2_001	1.0	24.0	79.0	148.0	179.0	433.0	1149.0	2822.0	6850.0	13674.0	10265.0	6595.0	6549.0	6661.0	7193.0	7623.0	8600.0	9565.0	10984.0	12585.0	14486.0	17388.0	20395.0	20205.0	12583.0	3185.0	37.0
	16.0	17.0	18.0	19.0	20.0	21.0	22.0	23.0	24.0	25.0	26.0	27.0	28.0	29.0	30.0	31.0	32.0	33.0	34.0	35.0	36.0	37.0
P9723_1005_S5_L001_R1_001	8.0	45.0	221.0	742.0	3876.0	9492.0	7985.0	6370.0	5800.0	5314.0	5139.0	5167.0	5379.0	5823.0	6275.0	7085.0	8585.0	10511.0	14117.0	20481.0	36683.0	50159.0
	12.0	13.0	14.0	15.0	16.0	17.0	18.0	19.0	20.0	21.0	22.0	23.0	24.0	25.0	26.0	27.0	28.0	29.0	30.0	31.0	32.0	33.0	34.0	35.0	36.0	37.0
P9723_1005_S5_L001_R2_001	7.0	60.0	166.0	223.0	472.0	1133.0	2897.0	7086.0	12982.0	11876.0	7383.0	6851.0	6770.0	7087.0	7752.0	8530.0	9865.0	11289.0	13248.0	16381.0	20144.0	25767.0	23997.0	10850.0	2416.0	25.0
	14.0	15.0	16.0	17.0	18.0	19.0	20.0	21.0	22.0	23.0	24.0	25.0	26.0	27.0	28.0	29.0	30.0	31.0	32.0	33.0	34.0	35.0	36.0	37.0
P9723_1006_S6_L001_R1_001	8.0	15.0	23.0	72.0	266.0	966.0	4621.0	10780.0	8068.0	7095.0	6748.0	6663.0	6398.0	6709.0	6861.0	7463.0	8083.0	9312.0	11262.0	13908.0	18035.0	25830.0	44857.0	62210.0
	11.0	12.0	13.0	14.0	15.0	16.0	17.0	18.0	19.0	20.0	21.0	22.0	23.0	24.0	25.0	26.0	27.0	28.0	29.0	30.0	31.0	32.0	33.0	34.0	35.0	36.0	37.0
P9723_1006_S6_L001_R2_001	7.0	17.0	85.0	231.0	296.0	542.0	1286.0	3137.0	7465.0	14596.0	14144.0	9049.0	8544.0	8736.0	9106.0	9769.0	10818.0	12174.0	13935.0	16434.0	19076.0	22890.0	27763.0	29842.0	20883.0	5390.0	38.0
	16.0	17.0	18.0	19.0	20.0	21.0	22.0	23.0	24.0	25.0	26.0	27.0	28.0	29.0	30.0	31.0	32.0	33.0	34.0	35.0	36.0	37.0
P9723_1009_S9_L001_R1_001	3.0	32.0	117.0	433.0	2477.0	7223.0	5141.0	4379.0	4007.0	3744.0	3636.0	3722.0	3999.0	4193.0	4493.0	5098.0	5966.0	7414.0	9577.0	13765.0	24381.0	38978.0
	12.0	13.0	14.0	15.0	16.0	17.0	18.0	19.0	20.0	21.0	22.0	23.0	24.0	25.0	26.0	27.0	28.0	29.0	30.0	31.0	32.0	33.0	34.0	35.0	36.0	37.0
P9723_1009_S9_L001_R2_001	8.0	52.0	105.0	142.0	297.0	747.0	2003.0	5019.0	9697.0	8013.0	5036.0	4889.0	4875.0	5179.0	5515.0	6117.0	6816.0	7883.0	9095.0	10780.0	12920.0	15696.0	16636.0	11942.0	3263.0	53.0
	16.0	17.0	18.0	19.0	20.0	21.0	22.0	23.0	24.0	25.0	26.0	27.0	28.0	29.0	30.0	31.0	32.0	33.0	34.0	35.0	36.0	37.0
P9723_1010_S10_L001_R1_001	2.0	20.0	106.0	374.0	1836.0	5433.0	5112.0	4909.0	4718.0	4590.0	4902.0	4949.0	5140.0	5583.0	6120.0	7001.0	8354.0	10297.0	13775.0	19440.0	35202.0	56019.0
	12.0	13.0	14.0	15.0	16.0	17.0	18.0	19.0	20.0	21.0	22.0	23.0	24.0	25.0	26.0	27.0	28.0	29.0	30.0	31.0	32.0	33.0	34.0	35.0	36.0	37.0
P9723_1010_S10_L001_R2_001	7.0	95.0	185.0	194.0	344.0	702.0	1713.0	4376.0	8545.0	8512.0	6513.0	6343.0	6438.0	6659.0	7224.0	8037.0	8955.0	10375.0	12321.0	14398.0	17256.0	21831.0	25792.0	20489.0	6531.0	47.0
	16.0	17.0	18.0	19.0	20.0	21.0	22.0	23.0	24.0	25.0	26.0	27.0	28.0	29.0	30.0	31.0	32.0	33.0	34.0	35.0	36.0	37.0
P9723_1011_S11_L001_R1_001	2.0	40.0	165.0	623.0	3508.0	8910.0	7015.0	6294.0	5717.0	5748.0	5660.0	5991.0	6077.0	6509.0	7210.0	8189.0	9445.0	11756.0	14937.0	21239.0	36922.0	60951.0
	11.0	12.0	13.0	14.0	15.0	16.0	17.0	18.0	19.0	20.0	21.0	22.0	23.0	24.0	25.0	26.0	27.0	28.0	29.0	30.0	31.0	32.0	33.0	34.0	35.0	36.0	37.0
P9723_1011_S11_L001_R2_001	1.0	9.0	87.0	192.0	236.0	513.0	1316.0	3265.0	7885.0	14274.0	13349.0	8632.0	8122.0	8352.0	8686.0	9552.0	10408.0	11715.0	13034.0	14833.0	17542.0	20804.0	24612.0	22391.0	10957.0	2122.0	19.0
	16.0	17.0	18.0	19.0	20.0	21.0	22.0	23.0	24.0	25.0	26.0	27.0	28.0	29.0	30.0	31.0	32.0	33.0	34.0	35.0	36.0	37.0
P9723_1012_S12_L001_R1_001	7.0	19.0	134.0	439.0	2399.0	5919.0	4310.0	3822.0	3709.0	3775.0	3829.0	3850.0	4223.0	4442.0	4819.0	5579.0	6417.0	7969.0	10454.0	15063.0	26202.0	46689.0
	12.0	13.0	14.0	15.0	16.0	17.0	18.0	19.0	20.0	21.0	22.0	23.0	24.0	25.0	26.0	27.0	28.0	29.0	30.0	31.0	32.0	33.0	34.0	35.0	36.0	37.0
P9723_1012_S12_L001_R2_001	5.0	66.0	130.0	188.0	362.0	915.0	2169.0	5204.0	9621.0	7074.0	5225.0	5266.0	5434.0	5709.0	6214.0	6955.0	7653.0	8756.0	10128.0	12026.0	14167.0	16514.0	16918.0	13298.0	4033.0	39.0
	16.0	17.0	18.0	19.0	20.0	21.0	22.0	23.0	24.0	25.0	26.0	27.0	28.0	29.0	30.0	31.0	32.0	33.0	34.0	35.0	36.0	37.0
P9723_1013_S13_L001_R1_001	3.0	43.0	156.0	663.0	3673.0	9961.0	7343.0	5825.0	5212.0	5057.0	4737.0	4746.0	5033.0	5399.0	5705.0	6455.0	7642.0	9349.0	12187.0	16855.0	29301.0	44188.0
	12.0	13.0	14.0	15.0	16.0	17.0	18.0	19.0	20.0	21.0	22.0	23.0	24.0	25.0	26.0	27.0	28.0	29.0	30.0	31.0	32.0	33.0	34.0	35.0	36.0	37.0
P9723_1013_S13_L001_R2_001	8.0	72.0	159.0	191.0	454.0	1180.0	3271.0	7779.0	12973.0	10947.0	6943.0	6315.0	6603.0	6667.0	7141.0	8120.0	8973.0	10211.0	11481.0	13586.0	15811.0	18581.0	18413.0	11215.0	2411.0	28.0
	16.0	17.0	18.0	19.0	20.0	21.0	22.0	23.0	24.0	25.0	26.0	27.0	28.0	29.0	30.0	31.0	32.0	33.0	34.0	35.0	36.0	37.0
P9723_1014_S14_L001_R1_001	3.0	25.0	135.0	488.0	2803.0	7639.0	6176.0	5815.0	5803.0	5797.0	6028.0	6156.0	6367.0	7003.0	7756.0	8877.0	10500.0	12781.0	16559.0	23764.0	41015.0	66980.0
	12.0	13.0	14.0	15.0	16.0	17.0	18.0	19.0	20.0	21.0	22.0	23.0	24.0	25.0	26.0	27.0	28.0	29.0	30.0	31.0	32.0	33.0	34.0	35.0	36.0	37.0
P9723_1014_S14_L001_R2_001	5.0	102.0	219.0	236.0	482.0	1052.0	2584.0	6433.0	12394.0	11811.0	8565.0	8407.0	8535.0	8929.0	9762.0	10716.0	11955.0	13510.0	15801.0	18207.0	21368.0	25795.0	27671.0	19182.0	4739.0	10.0
	16.0	17.0	18.0	19.0	20.0	21.0	22.0	23.0	24.0	25.0	26.0	27.0	28.0	29.0	30.0	31.0	32.0	33.0	34.0	35.0	36.0	37.0
P9723_1015_S15_L001_R1_001	1.0	32.0	120.0	522.0	2665.0	6883.0	5809.0	5073.0	4649.0	4406.0	4311.0	4384.0	4552.0	4798.0	5417.0	6091.0	7210.0	8946.0	11766.0	16648.0	29447.0	41831.0
	11.0	12.0	13.0	14.0	15.0	16.0	17.0	18.0	19.0	20.0	21.0	22.0	23.0	24.0	25.0	26.0	27.0	28.0	29.0	30.0	31.0	32.0	33.0	34.0	35.0	36.0	37.0
P9723_1015_S15_L001_R2_001	1.0	5.0	68.0	161.0	177.0	355.0	792.0	2136.0	5209.0	9465.0	8330.0	5833.0	5671.0	5797.0	6141.0	6494.0	7217.0	8202.0	9516.0	11341.0	13336.0	16072.0	19511.0	19496.0	11287.0	2905.0	43.0
	16.0	17.0	18.0	19.0	20.0	21.0	22.0	23.0	24.0	25.0	26.0	27.0	28.0	29.0	30.0	31.0	32.0	33.0	34.0	35.0	36.0	37.0
P9723_1016_S16_L001_R1_001	5.0	29.0	147.0	487.0	2871.0	7611.0	5201.0	4581.0	4280.0	4262.0	4329.0	4320.0	4584.0	4762.0	5215.0	5930.0	6955.0	8666.0	11315.0	15914.0	28146.0	48319.0
	12.0	13.0	14.0	15.0	16.0	17.0	18.0	19.0	20.0	21.0	22.0	23.0	24.0	25.0	26.0	27.0	28.0	29.0	30.0	31.0	32.0	33.0	34.0	35.0	36.0	37.0
P9723_1016_S16_L001_R2_001	3.0	67.0	143.0	221.0	440.0	1234.0	3645.0	9325.0	8940.0	6136.0	5856.0	5660.0	5654.0	5952.0	6485.0	7106.0	7995.0	9222.0	10557.0	12404.0	14908.0	17143.0	18264.0	15089.0	5387.0	93.0
	15.0	16.0	17.0	18.0	19.0	20.0	21.0	22.0	23.0	24.0	25.0	26.0	27.0	28.0	29.0	30.0	31.0	32.0	33.0	34.0	35.0	36.0	37.0
P9723_1017_S17_L001_R1_001	1.0	2.0	30.0	151.0	475.0	2522.0	7061.0	5192.0	4733.0	4638.0	4594.0	4599.0	4789.0	5102.0	5338.0	6003.0	6838.0	8362.0	10461.0	13944.0	20279.0	37714.0	51880.0
	12.0	13.0	14.0	15.0	16.0	17.0	18.0	19.0	20.0	21.0	22.0	23.0	24.0	25.0	26.0	27.0	28.0	29.0	30.0	31.0	32.0	33.0	34.0	35.0	36.0	37.0
P9723_1017_S17_L001_R2_001	2.0	40.0	96.0	144.0	287.0	659.0	1735.0	4593.0	10011.0	9096.0	6179.0	5862.0	6196.0	6703.0	7360.0	8091.0	9289.0	10959.0	13269.0	16536.0	20986.0	28044.0	27231.0	9573.0	1732.0	35.0
	16.0	17.0	18.0	19.0	20.0	21.0	22.0	23.0	24.0	25.0	26.0	27.0	28.0	29.0	30.0	31.0	32.0	33.0	34.0	35.0	36.0	37.0
P9723_1018_S18_L001_R1_001	4.0	24.0	109.0	388.0	2015.0	5728.0	5333.0	5495.0	5511.0	5517.0	5756.0	6001.0	6259.0	6865.0	7638.0	8907.0	10355.0	13019.0	16691.0	24047.0	42475.0	69471.0
	12.0	13.0	14.0	15.0	16.0	17.0	18.0	19.0	20.0	21.0	22.0	23.0	24.0	25.0	26.0	27.0	28.0	29.0	30.0	31.0	32.0	33.0	34.0	35.0	36.0	37.0
P9723_1018_S18_L001_R2_001	6.0	78.0	142.0	165.0	328.0	719.0	1717.0	4436.0	9516.0	10072.0	7710.0	7558.0	7728.0	8169.0	8855.0	9822.0	10800.0	12374.0	14153.0	16532.0	19150.0	23581.0	29271.0	32409.0	12205.0	112.0
	13.0	14.0	15.0	16.0	17.0	18.0	19.0	20.0	21.0	22.0	23.0	24.0	25.0	26.0	27.0	28.0	29.0	30.0	31.0	32.0	33.0	34.0	35.0	36.0	37.0
P9723_1019_S19_L001_R1_001	1.0	7.0	10.0	19.0	32.0	152.0	515.0	2600.0	6488.0	4725.0	4259.0	4152.0	4136.0	4342.0	4442.0	4631.0	5007.0	5567.0	6145.0	7155.0	8838.0	11474.0	16280.0	28674.0	45424.0
	11.0	12.0	13.0	14.0	15.0	16.0	17.0	18.0	19.0	20.0	21.0	22.0	23.0	24.0	25.0	26.0	27.0	28.0	29.0	30.0	31.0	32.0	33.0	34.0	35.0	36.0	37.0
P9723_1019_S19_L001_R2_001	7.0	16.0	56.0	103.0	165.0	347.0	889.0	2077.0	5278.0	9922.0	9757.0	6443.0	6027.0	6030.0	6478.0	6871.0	7691.0	8604.0	9615.0	10954.0	12878.0	15241.0	18596.0	18818.0	10129.0	2069.0	14.0
	13.0	14.0	15.0	16.0	17.0	18.0	19.0	20.0	21.0	22.0	23.0	24.0	25.0	26.0	27.0	28.0	29.0	30.0	31.0	32.0	33.0	34.0	35.0	36.0	37.0
P9723_1020_S20_L001_R1_001	1.0	9.0	12.0	20.0	39.0	171.0	554.0	2980.0	7583.0	5121.0	4329.0	4306.0	4302.0	4363.0	4746.0	4983.0	5381.0	5891.0	6710.0	8102.0	9744.0	12644.0	18032.0	31908.0	50681.0
	11.0	12.0	13.0	14.0	15.0	16.0	17.0	18.0	19.0	20.0	21.0	22.0	23.0	24.0	25.0	26.0	27.0	28.0	29.0	30.0	31.0	32.0	33.0	34.0	35.0	36.0	37.0
P9723_1020_S20_L001_R2_001	4.0	16.0	83.0	131.0	193.0	336.0	967.0	2381.0	5713.0	11345.0	8723.0	6093.0	6133.0	6453.0	6953.0	7566.0	8266.0	9264.0	10829.0	12512.0	14370.0	16820.0	20258.0	20386.0	13638.0	3152.0	27.0
	16.0	17.0	18.0	19.0	20.0	21.0	22.0	23.0	24.0	25.0	26.0	27.0	28.0	29.0	30.0	31.0	32.0	33.0	34.0	35.0	36.0	37.0
P9723_1021_S21_L001_R1_001	1.0	28.0	133.0	409.0	2127.0	6249.0	5839.0	5443.0	5306.0	5383.0	5459.0	5666.0	5989.0	6517.0	7257.0	8348.0	9919.0	13057.0	16679.0	24081.0	44387.0	59963.0
	12.0	13.0	14.0	15.0	16.0	17.0	18.0	19.0	20.0	21.0	22.0	23.0	24.0	25.0	26.0	27.0	28.0	29.0	30.0	31.0	32.0	33.0	34.0	35.0	36.0	37.0
P9723_1021_S21_L001_R2_001	3.0	63.0	169.0	209.0	403.0	854.0	2240.0	5490.0	10205.0	10072.0	7803.0	7900.0	7913.0	8449.0	9155.0	10464.0	12123.0	13619.0	16376.0	20111.0	25442.0	32151.0	27262.0	8614.0	1142.0	8.0
	13.0	14.0	15.0	16.0	17.0	18.0	19.0	20.0	21.0	22.0	23.0	24.0	25.0	26.0	27.0	28.0	29.0	30.0	31.0	32.0	33.0	34.0	35.0	36.0	37.0
P9723_1022_S22_L001_R1_001	1.0	5.0	11.0	20.0	36.0	146.0	472.0	2353.0	6386.0	5465.0	5313.0	5398.0	5457.0	5649.0	5907.0	6450.0	6974.0	7636.0	8769.0	10196.0	12598.0	16301.0	23085.0	39688.0	65422.0
	11.0	12.0	13.0	14.0	15.0	16.0	17.0	18.0	19.0	20.0	21.0	22.0	23.0	24.0	25.0	26.0	27.0	28.0	29.0	30.0	31.0	32.0	33.0	34.0	35.0	36.0	37.0
P9723_1022_S22_L001_R2_001	3.0	23.0	101.0	156.0	197.0	382.0	852.0	2107.0	5061.0	10390.0	10802.0	7816.0	7762.0	8004.0	8305.0	8698.0	9835.0	10849.0	12389.0	14056.0	16202.0	18599.0	21934.0	27163.0	28336.0	9642.0	74.0
	16.0	17.0	18.0	19.0	20.0	21.0	22.0	23.0	24.0	25.0	26.0	27.0	28.0	29.0	30.0	31.0	32.0	33.0	34.0	35.0	36.0	37.0
P9723_1023_S23_L001_R1_001	4.0	26.0	132.0	421.0	2321.0	5954.0	4595.0	4466.0	4142.0	4191.0	4207.0	4298.0	4518.0	4841.0	5409.0	6113.0	7251.0	8651.0	11669.0	16279.0	29276.0	46157.0
	12.0	13.0	14.0	15.0	16.0	17.0	18.0	19.0	20.0	21.0	22.0	23.0	24.0	25.0	26.0	27.0	28.0	29.0	30.0	31.0	32.0	33.0	34.0	35.0	36.0	37.0
P9723_1023_S23_L001_R2_001	3.0	59.0	123.0	134.0	316.0	688.0	1706.0	4455.0	9041.0	8383.0	5864.0	5668.0	5795.0	6246.0	6831.0	7423.0	8561.0	9786.0	11149.0	13320.0	15940.0	19670.0	20103.0	11230.0	2412.0	15.0
	13.0	14.0	15.0	16.0	17.0	18.0	19.0	20.0	21.0	22.0	23.0	24.0	25.0	26.0	27.0	28.0	29.0	30.0	31.0	32.0	33.0	34.0	35.0	36.0	37.0
P9723_1024_S24_L001_R1_001	1.0	0.0	0.0	4.0	23.0	107.0	398.0	2139.0	5839.0	5015.0	4832.0	4874.0	4780.0	4850.0	5130.0	5367.0	5816.0	6525.0	7438.0	8611.0	10801.0	13802.0	19735.0	34276.0	50860.0
	12.0	13.0	14.0	15.0	16.0	17.0	18.0	19.0	20.0	21.0	22.0	23.0	24.0	25.0	26.0	27.0	28.0	29.0	30.0	31.0	32.0	33.0	34.0	35.0	36.0	37.0
P9723_1024_S24_L001_R2_001	4.0	57.0	118.0	169.0	321.0	1053.0	3037.0	8041.0	8917.0	7209.0	6938.0	6952.0	7171.0	7648.0	8487.0	9407.0	10389.0	11664.0	13450.0	15303.0	18253.0	20854.0	19993.0	12877.0	2887.0	24.0
	15.0	16.0	17.0	18.0	19.0	20.0	21.0	22.0	23.0	24.0	25.0	26.0	27.0	28.0	29.0	30.0	31.0	32.0	33.0	34.0	35.0	36.0	37.0
P9723_1025_S25_L001_R1_001	1.0	5.0	30.0	109.0	384.0	2061.0	6709.0	5912.0	5390.0	5257.0	5003.0	5057.0	5139.0	5248.0	5467.0	6315.0	6942.0	8409.0	10357.0	13428.0	19174.0	35764.0	53919.0
	12.0	13.0	14.0	15.0	16.0	17.0	18.0	19.0	20.0	21.0	22.0	23.0	24.0	25.0	26.0	27.0	28.0	29.0	30.0	31.0	32.0	33.0	34.0	35.0	36.0	37.0
P9723_1025_S25_L001_R2_001	6.0	48.0	140.0	170.0	298.0	700.0	1882.0	5372.0	10956.0	9974.0	6802.0	6548.0	6581.0	6898.0	7635.0	8342.0	9521.0	10958.0	12848.0	15244.0	18542.0	22577.0	24941.0	15649.0	3396.0	52.0
	16.0	17.0	18.0	19.0	20.0	21.0	22.0	23.0	24.0	25.0	26.0	27.0	28.0	29.0	30.0	31.0	32.0	33.0	34.0	35.0	36.0	37.0
P9723_1026_S26_L001_R1_001	1.0	21.0	143.0	442.0	2315.0	7097.0	6608.0	5929.0	5372.0	5351.0	5338.0	5421.0	5602.0	6012.0	6602.0	7618.0	9127.0	11313.0	14947.0	21658.0	40900.0	59869.0
	12.0	13.0	14.0	15.0	16.0	17.0	18.0	19.0	20.0	21.0	22.0	23.0	24.0	25.0	26.0	27.0	28.0	29.0	30.0	31.0	32.0	33.0	34.0	35.0	36.0	37.0
P9723_1026_S26_L001_R2_001	5.0	61.0	153.0	196.0	319.0	736.0	1853.0	4844.0	9705.0	9847.0	6894.0	6785.0	6887.0	7149.0	7813.0	8773.0	9983.0	11687.0	13929.0	17264.0	21888.0	29572.0	34097.0	14607.0	2609.0	30.0
	15.0	16.0	17.0	18.0	19.0	20.0	21.0	22.0	23.0	24.0	25.0	26.0	27.0	28.0	29.0	30.0	31.0	32.0	33.0	34.0	35.0	36.0	37.0
P9723_1027_S27_L001_R1_001	1.0	3.0	36.0	137.0	436.0	2467.0	7060.0	6154.0	6140.0	5710.0	5858.0	5666.0	6085.0	6215.0	6788.0	7557.0	8525.0	10325.0	12373.0	16158.0	22894.0	42397.0	50438.0
	12.0	13.0	14.0	15.0	16.0	17.0	18.0	19.0	20.0	21.0	22.0	23.0	24.0	25.0	26.0	27.0	28.0	29.0	30.0	31.0	32.0	33.0	34.0	35.0	36.0
P9723_1027_S27_L001_R2_001	1.0	30.0	172.0	245.0	357.0	837.0	2128.0	5150.0	10034.0	10477.0	7426.0	7303.0	7534.0	8076.0	8797.0	9815.0	10873.0	12768.0	14860.0	18043.0	22521.0	28850.0	30784.0	11436.0	906.0
	16.0	17.0	18.0	19.0	20.0	21.0	22.0	23.0	24.0	25.0	26.0	27.0	28.0	29.0	30.0	31.0	32.0	33.0	34.0	35.0	36.0	37.0
P9723_1028_S28_L001_R1_001	7.0	66.0	221.0	757.0	3181.0	6306.0	5053.0	4447.0	4190.0	4120.0	4006.0	4170.0	4449.0	4799.0	5302.0	6037.0	7266.0	9195.0	12193.0	17210.0	27595.0	24503.0
	12.0	13.0	14.0	15.0	16.0	17.0	18.0	19.0	20.0	21.0	22.0	23.0	24.0	25.0	26.0	27.0	28.0	29.0	30.0	31.0	32.0	33.0	34.0	35.0	36.0	37.0
P9723_1028_S28_L001_R2_001	7.0	64.0	157.0	208.0	502.0	1193.0	2934.0	6701.0	9964.0	7328.0	6290.0	6231.0	6708.0	7099.0	7808.0	8935.0	10208.0	11455.0	12836.0	13857.0	14063.0	11598.0	6730.0	2000.0	196.0	1.0
	16.0	17.0	18.0	19.0	20.0	21.0	22.0	23.0	24.0	25.0	26.0	27.0	28.0	29.0	30.0	31.0	32.0	33.0	34.0	35.0	36.0	37.0
P9723_1029_S29_L001_R1_001	3.0	28.0	120.0	491.0	2554.0	7887.0	7459.0	6825.0	6422.0	6008.0	5972.0	6093.0	6389.0	6640.0	7419.0	8331.0	9994.0	12089.0	15802.0	22826.0	40017.0	57407.0
	11.0	12.0	13.0	14.0	15.0	16.0	17.0	18.0	19.0	20.0	21.0	22.0	23.0	24.0	25.0	26.0	27.0	28.0	29.0	30.0	31.0	32.0	33.0	34.0	35.0	36.0	37.0
P9723_1029_S29_L001_R2_001	2.0	5.0	56.0	173.0	251.0	473.0	999.0	2778.0	7647.0	13236.0	12209.0	8369.0	8094.0	8167.0	8411.0	9118.0	10125.0	11715.0	13230.0	15147.0	17938.0	21014.0	25374.0	25163.0	14318.0	2742.0	22.0
	15.0	16.0	17.0	18.0	19.0	20.0	21.0	22.0	23.0	24.0	25.0	26.0	27.0	28.0	29.0	30.0	31.0	32.0	33.0	34.0	35.0	36.0	37.0
P9723_1030_S30_L001_R1_001	1.0	5.0	49.0	215.0	771.0	2831.0	5702.0	6174.0	5112.0	4308.0	3812.0	3829.0	3845.0	4105.0	4462.0	4989.0	5952.0	6917.0	8671.0	11015.0	14320.0	16228.0	5329.0
	12.0	13.0	14.0	15.0	16.0	17.0	18.0	19.0	20.0	21.0	22.0	23.0	24.0	25.0	26.0	27.0	28.0	29.0	30.0	31.0	32.0	33.0	34.0	35.0	36.0
P9723_1030_S30_L001_R2_001	4.0	84.0	216.0	309.0	671.0	1644.0	3791.0	7201.0	8040.0	7087.0	6827.0	6885.0	7379.0	8012.0	8763.0	9647.0	10352.0	10362.0	9635.0	6952.0	3304.0	1087.0	314.0	72.0	4.0
	16.0	17.0	18.0	19.0	20.0	21.0	22.0	23.0	24.0	25.0	26.0	27.0	28.0	29.0	30.0	31.0	32.0	33.0	34.0	35.0	36.0	37.0
P9723_1031_S31_L001_R1_001	6.0	28.0	117.0	399.0	2162.0	6278.0	6321.0	5917.0	5212.0	5006.0	4920.0	5212.0	5394.0	5883.0	6406.0	7500.0	8792.0	10886.0	14078.0	20660.0	38189.0	41416.0
	12.0	13.0	14.0	15.0	16.0	17.0	18.0	19.0	20.0	21.0	22.0	23.0	24.0	25.0	26.0	27.0	28.0	29.0	30.0	31.0	32.0	33.0	34.0	35.0	36.0	37.0
P9723_1031_S31_L001_R2_001	2.0	52.0	154.0	195.0	304.0	629.0	1513.0	3751.0	7832.0	7854.0	5851.0	5936.0	6074.0	6421.0	6944.0	7967.0	8896.0	10396.0	12394.0	15468.0	19893.0	26502.0	31433.0	12996.0	1308.0	17.0
	16.0	17.0	18.0	19.0	20.0	21.0	22.0	23.0	24.0	25.0	26.0	27.0	28.0	29.0	30.0	31.0	32.0	33.0	34.0	35.0	36.0	37.0
P9723_1032_S32_L001_R1_001	1.0	25.0	104.0	333.0	1915.0	5425.0	3917.0	3506.0	3246.0	3207.0	3270.0	3299.0	3421.0	3682.0	3951.0	4581.0	5270.0	6499.0	8671.0	12502.0	21535.0	34618.0
	12.0	13.0	14.0	15.0	16.0	17.0	18.0	19.0	20.0	21.0	22.0	23.0	24.0	25.0	26.0	27.0	28.0	29.0	30.0	31.0	32.0	33.0	34.0	35.0	36.0	37.0
P9723_1032_S32_L001_R2_001	1.0	52.0	105.0	147.0	307.0	835.0	2381.0	6579.0	6941.0	4872.0	4361.0	4274.0	4444.0	4652.0	5045.0	5700.0	6401.0	7152.0	8394.0	9875.0	11574.0	13485.0	13692.0	9469.0	2215.0	25.0
	16.0	17.0	18.0	19.0	20.0	21.0	22.0	23.0	24.0	25.0	26.0	27.0	28.0	29.0	30.0	31.0	32.0	33.0	34.0	35.0	36.0	37.0
P9723_1033_S33_L001_R1_001	2.0	23.0	121.0	395.0	2145.0	6318.0	5104.0	4527.0	4399.0	4215.0	4213.0	4439.0	4604.0	5089.0	5560.0	6395.0	7432.0	9224.0	11905.0	17256.0	30811.0	43045.0
	12.0	13.0	14.0	15.0	16.0	17.0	18.0	19.0	20.0	21.0	22.0	23.0	24.0	25.0	26.0	27.0	28.0	29.0	30.0	31.0	32.0	33.0	34.0	35.0	36.0	37.0
P9723_1033_S33_L001_R2_001	7.0	55.0	90.0	127.0	248.0	592.0	1747.0	4690.0	9483.0	8625.0	5844.0	5699.0	5978.0	6388.0	6829.0	7729.0	8452.0	9711.0	11203.0	12954.0	15461.0	19188.0	19718.0	12816.0	3541.0	47.0
	16.0	17.0	18.0	19.0	20.0	21.0	22.0	23.0	24.0	25.0	26.0	27.0	28.0	29.0	30.0	31.0	32.0	33.0	34.0	35.0	36.0	37.0
P9723_1034_S34_L001_R1_001	2.0	33.0	195.0	726.0	3721.0	9649.0	6420.0	5447.0	4996.0	4778.0	4581.0	4684.0	4781.0	5350.0	5787.0	6565.0	7904.0	9632.0	12914.0	18785.0	34211.0	45520.0
	12.0	13.0	14.0	15.0	16.0	17.0	18.0	19.0	20.0	21.0	22.0	23.0	24.0	25.0	26.0	27.0	28.0	29.0	30.0	31.0	32.0	33.0	34.0	35.0	36.0	37.0
P9723_1034_S34_L001_R2_001	2.0	59.0	110.0	136.0	288.0	702.0	1960.0	4951.0	11768.0	11065.0	6168.0	5858.0	5880.0	6073.0	6820.0	7487.0	8565.0	10056.0	11887.0	14425.0	17800.0	22057.0	22475.0	14310.0	5611.0	168.0
	15.0	16.0	17.0	18.0	19.0	20.0	21.0	22.0	23.0	24.0	25.0	26.0	27.0	28.0	29.0	30.0	31.0	32.0	33.0	34.0	35.0	36.0	37.0
P9723_1035_S35_L001_R1_001	1.0	7.0	33.0	138.0	543.0	2779.0	7115.0	5812.0	5602.0	5601.0	5669.0	5751.0	6117.0	6440.0	6862.0	7653.0	8785.0	10129.0	12653.0	16753.0	23430.0	43338.0	55726.0
	12.0	13.0	14.0	15.0	16.0	17.0	18.0	19.0	20.0	21.0	22.0	23.0	24.0	25.0	26.0	27.0	28.0	29.0	30.0	31.0	32.0	33.0	34.0	35.0	36.0	37.0
P9723_1035_S35_L001_R2_001	5.0	57.0	116.0	164.0	381.0	871.0	2250.0	5451.0	10921.0	11353.0	7932.0	7765.0	8039.0	8299.0	9302.0	10175.0	11589.0	13104.0	15322.0	18372.0	22508.0	28579.0	29980.0	12990.0	1398.0	14.0
	16.0	17.0	18.0	19.0	20.0	21.0	22.0	23.0	24.0	25.0	26.0	27.0	28.0	29.0	30.0	31.0	32.0	33.0	34.0	35.0	36.0	37.0
P9723_1036_S36_L001_R1_001	6.0	39.0	178.0	684.0	3436.0	7480.0	5237.0	5134.0	5004.0	5104.0	5325.0	5367.0	5735.0	6300.0	6914.0	7865.0	9462.0	11705.0	15497.0	21903.0	37816.0	55035.0
	12.0	13.0	14.0	15.0	16.0	17.0	18.0	19.0	20.0	21.0	22.0	23.0	24.0	25.0	26.0	27.0	28.0	29.0	30.0	31.0	32.0	33.0	34.0	35.0	36.0	37.0
P9723_1036_S36_L001_R2_001	5.0	61.0	164.0	188.0	382.0	1011.0	2648.0	6544.0	12323.0	9375.0	7658.0	7593.0	7796.0	8361.0	9223.0	10319.0	11708.0	13399.0	15620.0	18267.0	21531.0	23802.0	21047.0	10742.0	1452.0	7.0
	16.0	17.0	18.0	19.0	20.0	21.0	22.0	23.0	24.0	25.0	26.0	27.0	28.0	29.0	30.0	31.0	32.0	33.0	34.0	35.0	36.0	37.0
P9723_1037_S37_L001_R1_001	6.0	36.0	217.0	665.0	3835.0	10588.0	8554.0	7315.0	6616.0	6201.0	6310.0	6374.0	6714.0	7317.0	8130.0	9100.0	10827.0	13078.0	17042.0	23699.0	41675.0	55750.0
	12.0	13.0	14.0	15.0	16.0	17.0	18.0	19.0	20.0	21.0	22.0	23.0	24.0	25.0	26.0	27.0	28.0	29.0	30.0	31.0	32.0	33.0	34.0	35.0	36.0	37.0
P9723_1037_S37_L001_R2_001	7.0	80.0	145.0	174.0	451.0	1127.0	3103.0	8161.0	15269.0	14021.0	8998.0	8641.0	8844.0	9350.0	10173.0	11111.0	12501.0	14011.0	16028.0	18133.0	21459.0	25656.0	24739.0	14675.0	3152.0	40.0
	16.0	17.0	18.0	19.0	20.0	21.0	22.0	23.0	24.0	25.0	26.0	27.0	28.0	29.0	30.0	31.0	32.0	33.0	34.0	35.0	36.0	37.0
P9723_1038_S38_L001_R1_001	7.0	46.0	207.0	751.0	3808.0	9156.0	5623.0	4772.0	4492.0	4459.0	4372.0	4498.0	4829.0	4995.0	5681.0	6388.0	7370.0	9157.0	12016.0	17148.0	30277.0	43978.0
	12.0	13.0	14.0	15.0	16.0	17.0	18.0	19.0	20.0	21.0	22.0	23.0	24.0	25.0	26.0	27.0	28.0	29.0	30.0	31.0	32.0	33.0	34.0	35.0	36.0	37.0
P9723_1038_S38_L001_R2_001	5.0	53.0	111.0	164.0	446.0	1111.0	2965.0	6723.0	12577.0	10847.0	6290.0	6449.0	6434.0	6899.0	7610.0	8308.0	9505.0	10748.0	12379.0	14280.0	16859.0	18145.0	14726.0	8224.0	2146.0	26.0
	16.0	17.0	18.0	19.0	20.0	21.0	22.0	23.0	24.0	25.0	26.0	27.0	28.0	29.0	30.0	31.0	32.0	33.0	34.0	35.0	36.0	37.0
P9723_1039_S39_L001_R1_001	7.0	32.0	144.0	554.0	2573.0	7490.0	6895.0	6532.0	6142.0	5906.0	5976.0	6046.0	6296.0	6868.0	7506.0	8671.0	10342.0	12853.0	16761.0	24254.0	44725.0	53321.0
	12.0	13.0	14.0	15.0	16.0	17.0	18.0	19.0	20.0	21.0	22.0	23.0	24.0	25.0	26.0	27.0	28.0	29.0	30.0	31.0	32.0	33.0	34.0	35.0	36.0	37.0
P9723_1039_S39_L001_R2_001	6.0	62.0	129.0	147.0	295.0	692.0	1959.0	4782.0	10071.0	10032.0	7345.0	7248.0	7405.0	7823.0	8523.0	9769.0	10682.0	12667.0	15042.0	18192.0	23030.0	29635.0	34712.0	16999.0	2603.0	44.0
	15.0	16.0	17.0	18.0	19.0	20.0	21.0	22.0	23.0	24.0	25.0	26.0	27.0	28.0	29.0	30.0	31.0	32.0	33.0	34.0	35.0	36.0	37.0
P9723_1040_S40_L001_R1_001	1.0	4.0	16.0	94.0	292.0	1621.0	4573.0	3977.0	3931.0	3968.0	4085.0	4117.0	4280.0	4483.0	4738.0	5339.0	6145.0	7249.0	8990.0	11710.0	16603.0	28670.0	49151.0
	12.0	13.0	14.0	15.0	16.0	17.0	18.0	19.0	20.0	21.0	22.0	23.0	24.0	25.0	26.0	27.0	28.0	29.0	30.0	31.0	32.0	33.0	34.0	35.0	36.0	37.0
P9723_1040_S40_L001_R2_001	5.0	50.0	90.0	123.0	231.0	670.0	2099.0	5735.0	7298.0	5765.0	5694.0	5770.0	5781.0	6359.0	6778.0	7611.0	8472.0	9861.0	11086.0	13469.0	15760.0	18390.0	19721.0	14100.0	3095.0	24.0
	15.0	16.0	17.0	18.0	19.0	20.0	21.0	22.0	23.0	24.0	25.0	26.0	27.0	28.0	29.0	30.0	31.0	32.0	33.0	34.0	35.0	36.0	37.0
P9723_1041_S41_L001_R1_001	2.0	7.0	33.0	170.0	487.0	2702.0	7747.0	5675.0	4732.0	4363.0	4177.0	4216.0	4153.0	4336.0	4778.0	5011.0	5898.0	6888.0	8405.0	10876.0	15643.0	28680.0	42047.0
	12.0	13.0	14.0	15.0	16.0	17.0	18.0	19.0	20.0	21.0	22.0	23.0	24.0	25.0	26.0	27.0	28.0	29.0	30.0	31.0	32.0	33.0	34.0	35.0	36.0	37.0
P9723_1041_S41_L001_R2_001	1.0	44.0	105.0	143.0	276.0	751.0	1914.0	5010.0	10559.0	9002.0	5498.0	5332.0	5263.0	5543.0	6203.0	6745.0	7488.0	8849.0	10247.0	12138.0	15010.0	18333.0	19331.0	13619.0	3573.0	49.0
	16.0	17.0	18.0	19.0	20.0	21.0	22.0	23.0	24.0	25.0	26.0	27.0	28.0	29.0	30.0	31.0	32.0	33.0	34.0	35.0	36.0	37.0
P9723_1042_S42_L001_R1_001	7.0	48.0	167.0	571.0	2872.0	7711.0	5162.0	4275.0	3770.0	3655.0	3571.0	3580.0	3659.0	3838.0	4300.0	4828.0	5822.0	7237.0	9511.0	13825.0	25018.0	36229.0
	12.0	13.0	14.0	15.0	16.0	17.0	18.0	19.0	20.0	21.0	22.0	23.0	24.0	25.0	26.0	27.0	28.0	29.0	30.0	31.0	32.0	33.0	34.0	35.0	36.0	37.0
P9723_1042_S42_L001_R2_001	1.0	30.0	102.0	181.0	284.0	715.0	1851.0	4618.0	9849.0	8865.0	4801.0	4362.0	4492.0	4771.0	4986.0	5723.0	6337.0	7358.0	8949.0	10518.0	13161.0	16348.0	16221.0	11268.0	3785.0	80.0
	14.0	15.0	16.0	17.0	18.0	19.0	20.0	21.0	22.0	23.0	24.0	25.0	26.0	27.0	28.0	29.0	30.0	31.0	32.0	33.0	34.0	35.0	36.0	37.0
P9723_1043_S43_L001_R1_001	1.0	0.0	4.0	31.0	109.0	374.0	1866.0	4640.0	4151.0	3922.0	3786.0	3801.0	3967.0	3891.0	4127.0	4520.0	4951.0	5538.0	6640.0	8031.0	10775.0	14691.0	27020.0	38805.0
	12.0	13.0	14.0	15.0	16.0	17.0	18.0	19.0	20.0	21.0	22.0	23.0	24.0	25.0	26.0	27.0	28.0	29.0	30.0	31.0	32.0	33.0	34.0	35.0	36.0	37.0
P9723_1043_S43_L001_R2_001	4.0	41.0	105.0	181.0	330.0	779.0	1851.0	4809.0	7962.0	8000.0	5733.0	5544.0	5626.0	5876.0	6353.0	7064.0	7722.0	8712.0	9991.0	12018.0	14087.0	16789.0	15898.0	8128.0	2019.0	19.0
	16.0	17.0	18.0	19.0	20.0	21.0	22.0	23.0	24.0	25.0	26.0	27.0	28.0	29.0	30.0	31.0	32.0	33.0	34.0	35.0	36.0	37.0
P9723_1044_S44_L001_R1_001	8.0	32.0	178.0	554.0	2889.0	7342.0	5342.0	4758.0	4676.0	4682.0	4660.0	5027.0	5064.0	5559.0	6161.0	7082.0	8341.0	10153.0	12853.0	18576.0	32158.0	51334.0
	11.0	12.0	13.0	14.0	15.0	16.0	17.0	18.0	19.0	20.0	21.0	22.0	23.0	24.0	25.0	26.0	27.0	28.0	29.0	30.0	31.0	32.0	33.0	34.0	35.0	36.0	37.0
P9723_1044_S44_L001_R2_001	3.0	6.0	82.0	175.0	236.0	439.0	926.0	2406.0	6024.0	11768.0	9019.0	6715.0	6650.0	6832.0	7339.0	7897.0	8527.0	9804.0	11049.0	12704.0	14509.0	17314.0	20305.0	20391.0	13338.0	2944.0	27.0
	16.0	17.0	18.0	19.0	20.0	21.0	22.0	23.0	24.0	25.0	26.0	27.0	28.0	29.0	30.0	31.0	32.0	33.0	34.0	35.0	36.0	37.0
P9723_1045_S45_L001_R1_001	6.0	59.0	235.0	746.0	3838.0	10278.0	7867.0	6113.0	5302.0	5035.0	4918.0	4930.0	5175.0	5515.0	5894.0	6671.0	7828.0	9758.0	12376.0	17254.0	30892.0	43878.0
	12.0	13.0	14.0	15.0	16.0	17.0	18.0	19.0	20.0	21.0	22.0	23.0	24.0	25.0	26.0	27.0	28.0	29.0	30.0	31.0	32.0	33.0	34.0	35.0	36.0	37.0
P9723_1045_S45_L001_R2_001	1.0	65.0	166.0	238.0	530.0	1197.0	3051.0	7529.0	13802.0	12207.0	7044.0	6392.0	6499.0	6951.0	7461.0	8118.0	8929.0	10181.0	11751.0	13590.0	16642.0	19406.0	18697.0	11666.0	2435.0	20.0
	13.0	14.0	15.0	16.0	17.0	18.0	19.0	20.0	21.0	22.0	23.0	24.0	25.0	26.0	27.0	28.0	29.0	30.0	31.0	32.0	33.0	34.0	35.0	36.0	37.0
P9723_1046_S46_L001_R1_001	1.0	0.0	0.0	10.0	57.0	216.0	722.0	3756.0	9308.0	6495.0	5520.0	5176.0	5114.0	5124.0	5220.0	5341.0	5708.0	6196.0	7205.0	8481.0	10697.0	13663.0	19564.0	34679.0	47947.0
	12.0	13.0	14.0	15.0	16.0	17.0	18.0	19.0	20.0	21.0	22.0	23.0	24.0	25.0	26.0	27.0	28.0	29.0	30.0	31.0	32.0	33.0	34.0	35.0	36.0	37.0
P9723_1046_S46_L001_R2_001	6.0	63.0	174.0	236.0	498.0	1144.0	2824.0	6561.0	12648.0	11651.0	7032.0	6624.0	6853.0	7161.0	7722.0	8574.0	9891.0	11403.0	13030.0	15636.0	19050.0	22674.0	20001.0	11741.0	2962.0	41.0
	12.0	13.0	14.0	15.0	16.0	17.0	18.0	19.0	20.0	21.0	22.0	23.0	24.0	25.0	26.0	27.0	28.0	29.0	30.0	31.0	32.0	33.0	34.0	35.0	36.0	37.0
P9723_1047_S47_L001_R1_001	2.0	0.0	0.0	0.0	3.0	25.0	131.0	464.0	2008.0	5052.0	5249.0	4537.0	4170.0	3876.0	3782.0	3824.0	3899.0	4304.0	4686.0	5577.0	6559.0	8140.0	10762.0	15522.0	27594.0	28832.0
	12.0	13.0	14.0	15.0	16.0	17.0	18.0	19.0	20.0	21.0	22.0	23.0	24.0	25.0	26.0	27.0	28.0	29.0	30.0	31.0	32.0	33.0	34.0	35.0	36.0	37.0
P9723_1047_S47_L001_R2_001	11.0	59.0	124.0	162.0	269.0	681.0	1636.0	4167.0	7253.0	6588.0	5096.0	4957.0	5036.0	5264.0	5609.0	6491.0	7168.0	8344.0	9836.0	11801.0	14189.0	17346.0	16208.0	8480.0	2213.0	10.0
	16.0	17.0	18.0	19.0	20.0	21.0	22.0	23.0	24.0	25.0	26.0	27.0	28.0	29.0	30.0	31.0	32.0	33.0	34.0	35.0	36.0	37.0
P9723_1048_S48_L001_R1_001	4.0	19.0	97.0	401.0	2162.0	5660.0	4623.0	4144.0	3886.0	3888.0	3867.0	3830.0	4048.0	4462.0	4877.0	5523.0	6276.0	7659.0	10098.0	14048.0	24955.0	38112.0
	12.0	13.0	14.0	15.0	16.0	17.0	18.0	19.0	20.0	21.0	22.0	23.0	24.0	25.0	26.0	27.0	28.0	29.0	30.0	31.0	32.0	33.0	34.0	35.0	36.0	37.0
P9723_1048_S48_L001_R2_001	4.0	51.0	124.0	164.0	329.0	935.0	2748.0	7477.0	7950.0	5753.0	5439.0	5273.0	5416.0	5661.0	6140.0	6659.0	7440.0	8445.0	9765.0	11294.0	13368.0	15173.0	15250.0	9746.0	2019.0	16.0
	16.0	17.0	18.0	19.0	20.0	21.0	22.0	23.0	24.0	25.0	26.0	27.0	28.0	29.0	30.0	31.0	32.0	33.0	34.0	35.0	36.0	37.0
P9723_1049_S49_L001_R1_001	1.0	6.0	59.0	190.0	1195.0	4303.0	3781.0	3184.0	2916.0	2865.0	2860.0	2940.0	2959.0	3250.0	3590.0	4003.0	4622.0	5762.0	7604.0	10987.0	19424.0	32007.0
	12.0	13.0	14.0	15.0	16.0	17.0	18.0	19.0	20.0	21.0	22.0	23.0	24.0	25.0	26.0	27.0	28.0	29.0	30.0	31.0	32.0	33.0	34.0	35.0	36.0	37.0
P9723_1049_S49_L001_R2_001	6.0	41.0	77.0	108.0	196.0	425.0	1162.0	3409.0	6652.0	5764.0	3946.0	3822.0	3988.0	4153.0	4507.0	4980.0	5409.0	6415.0	7525.0	8498.0	10271.0	12526.0	13197.0	9080.0	2315.0	36.0
	16.0	17.0	18.0	19.0	20.0	21.0	22.0	23.0	24.0	25.0	26.0	27.0	28.0	29.0	30.0	31.0	32.0	33.0	34.0	35.0	36.0	37.0
P9723_1050_S50_L001_R1_001	1.0	7.0	41.0	168.0	962.0	3540.0	3393.0	2995.0	2883.0	2676.0	2675.0	2788.0	2847.0	2952.0	3274.0	3863.0	4499.0	5349.0	7208.0	10222.0	18258.0	31722.0
	12.0	13.0	14.0	15.0	16.0	17.0	18.0	19.0	20.0	21.0	22.0	23.0	24.0	25.0	26.0	27.0	28.0	29.0	30.0	31.0	32.0	33.0	34.0	35.0	36.0	37.0
P9723_1050_S50_L001_R2_001	5.0	45.0	94.0	103.0	168.0	356.0	920.0	2562.0	5096.0	4913.0	3497.0	3506.0	3534.0	3668.0	3900.0	4437.0	5017.0	5846.0	6728.0	7852.0	9405.0	11902.0	14663.0	11181.0	2892.0	33.0
	15.0	16.0	17.0	18.0	19.0	20.0	21.0	22.0	23.0	24.0	25.0	26.0	27.0	28.0	29.0	30.0	31.0	32.0	33.0	34.0	35.0	36.0	37.0
P9723_1051_S51_L001_R1_001	1.0	2.0	30.0	116.0	418.0	2445.0	7477.0	5600.0	4334.0	3918.0	3653.0	3734.0	3595.0	3865.0	4134.0	4486.0	5002.0	5992.0	7085.0	9297.0	13195.0	22114.0	28007.0
	12.0	13.0	14.0	15.0	16.0	17.0	18.0	19.0	20.0	21.0	22.0	23.0	24.0	25.0	26.0	27.0	28.0	29.0	30.0	31.0	32.0	33.0	34.0	35.0	36.0	37.0
P9723_1051_S51_L001_R2_001	8.0	58.0	124.0	125.0	340.0	833.0	2102.0	5404.0	9536.0	8641.0	5221.0	4910.0	4938.0	5087.0	5613.0	6162.0	6868.0	7612.0	8647.0	10069.0	11804.0	13447.0	12662.0	7037.0	1247.0	5.0
	17.0	18.0	19.0	20.0	21.0	22.0	23.0	24.0	25.0	26.0	27.0	28.0	29.0	30.0	31.0	32.0	33.0	34.0	35.0	36.0	37.0
P9723_1052_S52_L001_R1_001	13.0	61.0	309.0	1856.0	5493.0	4629.0	4325.0	4020.0	4241.0	4210.0	4267.0	4559.0	4997.0	5475.0	6145.0	7459.0	9019.0	11474.0	16338.0	28865.0	43277.0
	12.0	13.0	14.0	15.0	16.0	17.0	18.0	19.0	20.0	21.0	22.0	23.0	24.0	25.0	26.0	27.0	28.0	29.0	30.0	31.0	32.0	33.0	34.0	35.0	36.0	37.0
P9723_1052_S52_L001_R2_001	15.0	92.0	157.0	167.0	332.0	759.0	2241.0	5512.0	9419.0	7373.0	6100.0	5835.0	6248.0	6703.0	7347.0	7937.0	8843.0	9934.0	11362.0	13212.0	15688.0	18388.0	16292.0	8962.0	2088.0	26.0
	16.0	17.0	18.0	19.0	20.0	21.0	22.0	23.0	24.0	25.0	26.0	27.0	28.0	29.0	30.0	31.0	32.0	33.0	34.0	35.0	36.0	37.0
P9723_1053_S53_L001_R1_001	1.0	18.0	103.0	428.0	2053.0	7075.0	6551.0	5663.0	5015.0	4798.0	4695.0	4806.0	4822.0	5371.0	5995.0	6760.0	7563.0	9809.0	12480.0	17580.0	31270.0	47056.0
	11.0	12.0	13.0	14.0	15.0	16.0	17.0	18.0	19.0	20.0	21.0	22.0	23.0	24.0	25.0	26.0	27.0	28.0	29.0	30.0	31.0	32.0	33.0	34.0	35.0	36.0	37.0
P9723_1053_S53_L001_R2_001	1.0	10.0	78.0	131.0	172.0	374.0	856.0	2292.0	6226.0	10983.0	9760.0	6820.0	6483.0	6742.0	6981.0	7586.0	8367.0	9373.0	10669.0	12202.0	13981.0	16675.0	19621.0	19482.0	11689.0	2321.0	37.0
	16.0	17.0	18.0	19.0	20.0	21.0	22.0	23.0	24.0	25.0	26.0	27.0	28.0	29.0	30.0	31.0	32.0	33.0	34.0	35.0	36.0	37.0
P9723_1054_S54_L001_R1_001	2.0	10.0	46.0	190.0	1089.0	3599.0	3185.0	2786.0	2616.0	2500.0	2464.0	2530.0	2698.0	2976.0	3179.0	3678.0	4216.0	5308.0	6619.0	9439.0	16315.0	24793.0
	12.0	13.0	14.0	15.0	16.0	17.0	18.0	19.0	20.0	21.0	22.0	23.0	24.0	25.0	26.0	27.0	28.0	29.0	30.0	31.0	32.0	33.0	34.0	35.0	36.0	37.0
P9723_1054_S54_L001_R2_001	7.0	48.0	74.0	120.0	227.0	407.0	1138.0	2778.0	5039.0	4563.0	3386.0	3287.0	3404.0	3606.0	3930.0	4381.0	4777.0	5523.0	6545.0	7253.0	8697.0	10606.0	11731.0	7276.0	1430.0	5.0
	14.0	15.0	16.0	17.0	18.0	19.0	20.0	21.0	22.0	23.0	24.0	25.0	26.0	27.0	28.0	29.0	30.0	31.0	32.0	33.0	34.0	35.0	36.0	37.0
P9723_1055_S55_L001_R1_001	1.0	0.0	2.0	16.0	119.0	423.0	2399.0	6911.0	5601.0	4505.0	3684.0	3454.0	3417.0	3347.0	3627.0	3674.0	4324.0	4794.0	5590.0	6949.0	9013.0	12797.0	21484.0	24346.0
	12.0	13.0	14.0	15.0	16.0	17.0	18.0	19.0	20.0	21.0	22.0	23.0	24.0	25.0	26.0	27.0	28.0	29.0	30.0	31.0	32.0	33.0	34.0	35.0	36.0	37.0
P9723_1055_S55_L001_R2_001	6.0	54.0	108.0	125.0	286.0	634.0	1793.0	4425.0	7881.0	6723.0	4527.0	4166.0	4221.0	4527.0	4806.0	5321.0	5958.0	6908.0	8077.0	9579.0	11655.0	13353.0	13652.0	9401.0	2268.0	23.0
	16.0	17.0	18.0	19.0	20.0	21.0	22.0	23.0	24.0	25.0	26.0	27.0	28.0	29.0	30.0	31.0	32.0	33.0	34.0	35.0	36.0	37.0
P9723_1056_S56_L001_R1_001	1.0	11.0	54.0	215.0	1142.0	3837.0	3354.0	3046.0	2868.0	2793.0	2760.0	2896.0	3014.0	3190.0	3487.0	3939.0	4788.0	5742.0	7481.0	10553.0	18667.0	27193.0
	12.0	13.0	14.0	15.0	16.0	17.0	18.0	19.0	20.0	21.0	22.0	23.0	24.0	25.0	26.0	27.0	28.0	29.0	30.0	31.0	32.0	33.0	34.0	35.0	36.0	37.0
P9723_1056_S56_L001_R2_001	8.0	74.0	97.0	116.0	256.0	664.0	1952.0	5110.0	5560.0	4296.0	3964.0	3988.0	3977.0	4297.0	4676.0	5160.0	5614.0	6329.0	7457.0	8540.0	10048.0	11524.0	10148.0	5779.0	1379.0	18.0
	16.0	17.0	18.0	19.0	20.0	21.0	22.0	23.0	24.0	25.0	26.0	27.0	28.0	29.0	30.0	31.0	32.0	33.0	34.0	35.0	36.0	37.0
P9723_1057_S57_L001_R1_001	5.0	25.0	136.0	486.0	2246.0	5037.0	5026.0	4365.0	4302.0	4174.0	4111.0	4129.0	4378.0	4668.0	5339.0	6041.0	7234.0	8964.0	11821.0	16970.0	29164.0	29855.0
	16.0	17.0	18.0	19.0	20.0	21.0	22.0	23.0	24.0	25.0	26.0	27.0	28.0	29.0	30.0	31.0	32.0	33.0	34.0	35.0	36.0	37.0
P9723_1058_S58_L001_R1_001	7.0	22.0	140.0	458.0	2242.0	5612.0	5018.0	4489.0	4400.0	4261.0	4393.0	4318.0	4610.0	4927.0	5306.0	6180.0	7111.0	8881.0	11557.0	16582.0	30032.0	47238.0
	12.0	13.0	14.0	15.0	16.0	17.0	18.0	19.0	20.0	21.0	22.0	23.0	24.0	25.0	26.0	27.0	28.0	29.0	30.0	31.0	32.0	33.0	34.0	35.0	36.0	37.0
P9723_1058_S58_L001_R2_001	2.0	70.0	193.0	200.0	386.0	927.0	2156.0	5300.0	9606.0	8600.0	6363.0	6117.0	6106.0	6569.0	7062.0	7867.0	8696.0	9937.0	11468.0	13541.0	15952.0	18778.0	19412.0	10608.0	1855.0	13.0
	13.0	14.0	15.0	16.0	17.0	18.0	19.0	20.0	21.0	22.0	23.0	24.0	25.0	26.0	27.0	28.0	29.0	30.0	31.0	32.0	33.0	34.0	35.0	36.0	37.0
P9723_1059_S59_L001_R1_001	2.0	5.0	17.0	21.0	54.0	193.0	742.0	3777.0	8925.0	6756.0	6134.0	5658.0	5454.0	5567.0	5520.0	5791.0	6051.0	6715.0	7616.0	9089.0	11275.0	15017.0	21446.0	39632.0	51117.0
	11.0	12.0	13.0	14.0	15.0	16.0	17.0	18.0	19.0	20.0	21.0	22.0	23.0	24.0	25.0	26.0	27.0	28.0	29.0	30.0	31.0	32.0	33.0	34.0	35.0	36.0	37.0
P9723_1059_S59_L001_R2_001	5.0	26.0	85.0	189.0	261.0	519.0	1385.0	3201.0	7809.0	13696.0	12871.0	8312.0	7812.0	7734.0	8018.0	8650.0	9598.0	11039.0	12544.0	14683.0	17204.0	20946.0	25714.0	22185.0	7231.0	850.0	7.0
	14.0	15.0	16.0	17.0	18.0	19.0	20.0	21.0	22.0	23.0	24.0	25.0	26.0	27.0	28.0	29.0	30.0	31.0	32.0	33.0	34.0	35.0	36.0	37.0
P9723_1060_S60_L001_R1_001	7.0	4.0	10.0	32.0	186.0	595.0	3346.0	7724.0	5635.0	5056.0	4950.0	5009.0	5055.0	5169.0	5343.0	5954.0	6193.0	7136.0	8388.0	10316.0	13455.0	19509.0	33654.0	55762.0
	11.0	12.0	13.0	14.0	15.0	16.0	17.0	18.0	19.0	20.0	21.0	22.0	23.0	24.0	25.0	26.0	27.0	28.0	29.0	30.0	31.0	32.0	33.0	34.0	35.0	36.0	37.0
P9723_1060_S60_L001_R2_001	3.0	20.0	102.0	190.0	298.0	480.0	1269.0	3329.0	7750.0	13181.0	9796.0	7473.0	7427.0	7696.0	7985.0	8650.0	9554.0	10497.0	11997.0	13680.0	15689.0	18988.0	21456.0	18441.0	10292.0	2225.0	20.0
	16.0	17.0	18.0	19.0	20.0	21.0	22.0	23.0	24.0	25.0	26.0	27.0	28.0	29.0	30.0	31.0	32.0	33.0	34.0	35.0	36.0	37.0
P9723_1061_S61_L001_R1_001	8.0	33.0	176.0	648.0	3460.0	8502.0	7098.0	6224.0	5959.0	5713.0	5760.0	5745.0	5899.0	6573.0	7021.0	7979.0	9122.0	11458.0	14921.0	20919.0	36428.0	58122.0
	12.0	13.0	14.0	15.0	16.0	17.0	18.0	19.0	20.0	21.0	22.0	23.0	24.0	25.0	26.0	27.0	28.0	29.0	30.0	31.0	32.0	33.0	34.0	35.0	36.0	37.0
P9723_1061_S61_L001_R2_001	8.0	80.0	196.0	281.0	554.0	1334.0	3202.0	8004.0	13855.0	12169.0	8423.0	7856.0	7961.0	8355.0	8980.0	9953.0	11171.0	12387.0	14158.0	16147.0	19141.0	21890.0	22078.0	15100.0	4421.0	64.0
	13.0	14.0	15.0	16.0	17.0	18.0	19.0	20.0	21.0	22.0	23.0	24.0	25.0	26.0	27.0	28.0	29.0	30.0	31.0	32.0	33.0	34.0	35.0	36.0	37.0
P9723_1062_S62_L001_R1_001	1.0	6.0	13.0	18.0	50.0	167.0	528.0	2592.0	6398.0	5073.0	4573.0	4558.0	4513.0	4444.0	4599.0	4822.0	5211.0	5724.0	6492.0	7670.0	9110.0	12093.0	16830.0	29747.0	48844.0
	11.0	12.0	13.0	14.0	15.0	16.0	17.0	18.0	19.0	20.0	21.0	22.0	23.0	24.0	25.0	26.0	27.0	28.0	29.0	30.0	31.0	32.0	33.0	34.0	35.0	36.0	37.0
P9723_1062_S62_L001_R2_001	2.0	21.0	72.0	193.0	250.0	450.0	1128.0	2677.0	5947.0	10150.0	9278.0	6575.0	6422.0	6533.0	6955.0	7556.0	8266.0	9153.0	10283.0	11901.0	13415.0	15634.0	18420.0	19434.0	11206.0	2141.0	14.0
	16.0	17.0	18.0	19.0	20.0	21.0	22.0	23.0	24.0	25.0	26.0	27.0	28.0	29.0	30.0	31.0	32.0	33.0	34.0	35.0	36.0	37.0
P9723_1063_S63_L001_R1_001	8.0	64.0	258.0	918.0	4441.0	10173.0	7238.0	5781.0	5105.0	5008.0	4582.0	4708.0	4971.0	5189.0	5965.0	6645.0	7801.0	9769.0	13211.0	18601.0	34846.0	39580.0
	12.0	13.0	14.0	15.0	16.0	17.0	18.0	19.0	20.0	21.0	22.0	23.0	24.0	25.0	26.0	27.0	28.0	29.0	30.0	31.0	32.0	33.0	34.0	35.0	36.0	37.0
P9723_1063_S63_L001_R2_001	4.0	63.0	180.0	240.0	508.0	1188.0	2638.0	6363.0	13007.0	10858.0	6314.0	5918.0	6117.0	6379.0	6958.0	7799.0	8662.0	10167.0	12203.0	14741.0	18013.0	23265.0	22994.0	8963.0	1300.0	20.0
	15.0	16.0	17.0	18.0	19.0	20.0	21.0	22.0	23.0	24.0	25.0	26.0	27.0	28.0	29.0	30.0	31.0	32.0	33.0	34.0	35.0	36.0	37.0
P9723_1064_S64_L001_R1_001	2.0	4.0	27.0	127.0	504.0	2780.0	7144.0	5830.0	5284.0	5027.0	4886.0	4958.0	5174.0	5215.0	5618.0	6176.0	7056.0	7939.0	9952.0	12806.0	18332.0	32042.0	49820.0
	12.0	13.0	14.0	15.0	16.0	17.0	18.0	19.0	20.0	21.0	22.0	23.0	24.0	25.0	26.0	27.0	28.0	29.0	30.0	31.0	32.0	33.0	34.0	35.0	36.0	37.0
P9723_1064_S64_L001_R2_001	8.0	84.0	196.0	256.0	547.0	1367.0	4243.0	10905.0	10528.0	7815.0	7547.0	7264.0	7501.0	7950.0	8466.0	9158.0	10389.0	11451.0	13237.0	15211.0	17631.0	18989.0	15700.0	8441.0	1795.0	24.0
	16.0	17.0	18.0	19.0	20.0	21.0	22.0	23.0	24.0	25.0	26.0	27.0	28.0	29.0	30.0	31.0	32.0	33.0	34.0	35.0	36.0	37.0
P9723_1065_S65_L001_R1_001	4.0	19.0	85.0	309.0	1744.0	5232.0	4202.0	3846.0	3654.0	3708.0	3561.0	3653.0	3958.0	4085.0	4591.0	5272.0	6118.0	7446.0	9620.0	13907.0	25355.0	46599.0
	12.0	13.0	14.0	15.0	16.0	17.0	18.0	19.0	20.0	21.0	22.0	23.0	24.0	25.0	26.0	27.0	28.0	29.0	30.0	31.0	32.0	33.0	34.0	35.0	36.0	37.0
P9723_1065_S65_L001_R2_001	2.0	45.0	70.0	106.0	215.0	481.0	1162.0	3331.0	7636.0	7079.0	4934.0	4769.0	4904.0	5084.0	5535.0	6077.0	6833.0	7802.0	8962.0	10863.0	12935.0	16140.0	18803.0	16693.0	6319.0	188.0
	17.0	18.0	19.0	20.0	21.0	22.0	23.0	24.0	25.0	26.0	27.0	28.0	29.0	30.0	31.0	32.0	33.0	34.0	35.0	36.0	37.0
P9723_1066_S66_L001_R1_001	10.0	76.0	214.0	1264.0	3882.0	3673.0	3236.0	3068.0	3173.0	3058.0	3093.0	3331.0	3550.0	3890.0	4437.0	5056.0	6344.0	8132.0	11588.0	20716.0	39082.0
	12.0	13.0	14.0	15.0	16.0	17.0	18.0	19.0	20.0	21.0	22.0	23.0	24.0	25.0	26.0	27.0	28.0	29.0	30.0	31.0	32.0	33.0	34.0	35.0	36.0	37.0
P9723_1066_S66_L001_R2_001	8.0	40.0	74.0	92.0	153.0	418.0	1091.0	2952.0	5492.0	5886.0	4264.0	4149.0	4167.0	4501.0	4967.0	5411.0	6036.0	6898.0	7933.0	9394.0	11058.0	13424.0	15588.0	13100.0	3735.0	42.0
	16.0	17.0	18.0	19.0	20.0	21.0	22.0	23.0	24.0	25.0	26.0	27.0	28.0	29.0	30.0	31.0	32.0	33.0	34.0	35.0	36.0	37.0
P9723_1067_S67_L001_R1_001	3.0	20.0	163.0	492.0	2665.0	6676.0	4596.0	3824.0	3430.0	3303.0	3295.0	3203.0	3558.0	3647.0	3980.0	4628.0	5285.0	6386.0	8391.0	11448.0	19623.0	28954.0
	12.0	13.0	14.0	15.0	16.0	17.0	18.0	19.0	20.0	21.0	22.0	23.0	24.0	25.0	26.0	27.0	28.0	29.0	30.0	31.0	32.0	33.0	34.0	35.0	36.0	37.0
P9723_1067_S67_L001_R2_001	6.0	45.0	73.0	106.0	265.0	680.0	1761.0	4389.0	8563.0	8508.0	4665.0	4350.0	4395.0	4688.0	4951.0	5345.0	6159.0	6730.0	7610.0	9008.0	10444.0	12228.0	12549.0	8192.0	1835.0	25.0
	16.0	17.0	18.0	19.0	20.0	21.0	22.0	23.0	24.0	25.0	26.0	27.0	28.0	29.0	30.0	31.0	32.0	33.0	34.0	35.0	36.0	37.0
P9723_1068_S68_L001_R1_001	7.0	32.0	143.0	517.0	2862.0	7371.0	4924.0	4221.0	4239.0	4139.0	4395.0	4414.0	4719.0	4898.0	5463.0	6145.0	7176.0	8960.0	11674.0	16583.0	29235.0	49436.0
	12.0	13.0	14.0	15.0	16.0	17.0	18.0	19.0	20.0	21.0	22.0	23.0	24.0	25.0	26.0	27.0	28.0	29.0	30.0	31.0	32.0	33.0	34.0	35.0	36.0	37.0
P9723_1068_S68_L001_R2_001	2.0	52.0	115.0	153.0	354.0	836.0	2227.0	5384.0	10840.0	8367.0	6037.0	5829.0	6300.0	6584.0	7073.0	7948.0	8754.0	10228.0	12080.0	13942.0	17055.0	19996.0	17766.0	10330.0	3255.0	46.0
	15.0	16.0	17.0	18.0	19.0	20.0	21.0	22.0	23.0	24.0	25.0	26.0	27.0	28.0	29.0	30.0	31.0	32.0	33.0	34.0	35.0	36.0	37.0
P9723_1069_S69_L001_R1_001	1.0	2.0	27.0	145.0	539.0	2799.0	8058.0	6880.0	6083.0	5695.0	5476.0	5314.0	5528.0	5741.0	6088.0	6773.0	7727.0	8971.0	11122.0	14320.0	20761.0	35997.0	60793.0
	12.0	13.0	14.0	15.0	16.0	17.0	18.0	19.0	20.0	21.0	22.0	23.0	24.0	25.0	26.0	27.0	28.0	29.0	30.0	31.0	32.0	33.0	34.0	35.0	36.0	37.0
P9723_1069_S69_L001_R2_001	3.0	48.0	117.0	182.0	353.0	865.0	2253.0	5873.0	11746.0	11315.0	7762.0	7191.0	7531.0	7706.0	8525.0	9318.0	10289.0	11871.0	13781.0	16048.0	18847.0	23032.0	25157.0	19439.0	5500.0	88.0
	16.0	17.0	18.0	19.0	20.0	21.0	22.0	23.0	24.0	25.0	26.0	27.0	28.0	29.0	30.0	31.0	32.0	33.0	34.0	35.0	36.0	37.0
P9723_1070_S70_L001_R1_001	2.0	18.0	84.0	324.0	1734.0	4663.0	4066.0	3734.0	3669.0	3519.0	3612.0	3793.0	4070.0	4242.0	4747.0	5351.0	6224.0	7662.0	9936.0	13549.0	23506.0	43873.0
	11.0	12.0	13.0	14.0	15.0	16.0	17.0	18.0	19.0	20.0	21.0	22.0	23.0	24.0	25.0	26.0	27.0	28.0	29.0	30.0	31.0	32.0	33.0	34.0	35.0	36.0	37.0
P9723_1070_S70_L001_R2_001	1.0	6.0	57.0	98.0	119.0	239.0	605.0	1498.0	3932.0	7207.0	7328.0	5342.0	5174.0	5466.0	5737.0	6132.0	6799.0	7661.0	8926.0	9791.0	11461.0	13223.0	15281.0	16387.0	11397.0	2496.0	15.0
	15.0	16.0	17.0	18.0	19.0	20.0	21.0	22.0	23.0	24.0	25.0	26.0	27.0	28.0	29.0	30.0	31.0	32.0	33.0	34.0	35.0	36.0	37.0
P9723_1071_S71_L001_R1_001	3.0	7.0	54.0	235.0	919.0	4786.0	12310.0	8210.0	6375.0	5319.0	4979.0	4911.0	4784.0	5154.0	5288.0	5916.0	6721.0	7767.0	9778.0	12548.0	17365.0	30871.0	41298.0
	12.0	13.0	14.0	15.0	16.0	17.0	18.0	19.0	20.0	21.0	22.0	23.0	24.0	25.0	26.0	27.0	28.0	29.0	30.0	31.0	32.0	33.0	34.0	35.0	36.0	37.0
P9723_1071_S71_L001_R2_001	4.0	65.0	126.0	165.0	396.0	957.0	2529.0	6260.0	13847.0	13038.0	6518.0	5948.0	5883.0	6067.0	6766.0	7637.0	8450.0	9616.0	11239.0	13275.0	15928.0	19225.0	20724.0	16107.0	4698.0	130.0
	16.0	17.0	18.0	19.0	20.0	21.0	22.0	23.0	24.0	25.0	26.0	27.0	28.0	29.0	30.0	31.0	32.0	33.0	34.0	35.0	36.0	37.0
P9723_1072_S72_L001_R1_001	2.0	18.0	78.0	287.0	1779.0	4549.0	3324.0	2859.0	2724.0	2712.0	2635.0	2754.0	2730.0	3028.0	3355.0	3777.0	4227.0	5378.0	7036.0	10007.0	17444.0	27348.0
	12.0	13.0	14.0	15.0	16.0	17.0	18.0	19.0	20.0	21.0	22.0	23.0	24.0	25.0	26.0	27.0	28.0	29.0	30.0	31.0	32.0	33.0	34.0	35.0	36.0	37.0
P9723_1072_S72_L001_R2_001	2.0	38.0	70.0	90.0	215.0	639.0	2067.0	5546.0	5612.0	3763.0	3604.0	3666.0	3808.0	3871.0	4233.0	4863.0	5383.0	6197.0	7104.0	8459.0	9966.0	11491.0	10187.0	5526.0	1620.0	31.0
	16.0	17.0	18.0	19.0	20.0	21.0	22.0	23.0	24.0	25.0	26.0	27.0	28.0	29.0	30.0	31.0	32.0	33.0	34.0	35.0	36.0	37.0
P9723_1073_S73_L001_R1_001	1.0	15.0	85.0	370.0	1832.0	4001.0	3794.0	3635.0	3510.0	3483.0	3363.0	3498.0	3647.0	3882.0	4328.0	4997.0	5855.0	7206.0	9526.0	13622.0	24709.0	36431.0
	12.0	13.0	14.0	15.0	16.0	17.0	18.0	19.0	20.0	21.0	22.0	23.0	24.0	25.0	26.0	27.0	28.0	29.0	30.0	31.0	32.0	33.0	34.0	35.0	36.0	37.0
P9723_1073_S73_L001_R2_001	2.0	63.0	120.0	127.0	239.0	516.0	1363.0	3539.0	7119.0	6165.0	4612.0	4562.0	4595.0	4893.0	5353.0	5954.0	6632.0	7696.0	8970.0	10461.0	12393.0	14980.0	16521.0	11580.0	3273.0	62.0
	15.0	16.0	17.0	18.0	19.0	20.0	21.0	22.0	23.0	24.0	25.0	26.0	27.0	28.0	29.0	30.0	31.0	32.0	33.0	34.0	35.0	36.0	37.0
P9723_1074_S74_L001_R1_001	1.0	11.0	69.0	284.0	928.0	5120.0	10393.0	5360.0	3943.0	3278.0	3069.0	2933.0	2808.0	2847.0	2962.0	3135.0	3628.0	4237.0	5346.0	6874.0	9528.0	17519.0	27067.0
	12.0	13.0	14.0	15.0	16.0	17.0	18.0	19.0	20.0	21.0	22.0	23.0	24.0	25.0	26.0	27.0	28.0	29.0	30.0	31.0	32.0	33.0	34.0	35.0	36.0	37.0
P9723_1074_S74_L001_R2_001	5.0	71.0	101.0	160.0	361.0	894.0	2277.0	5385.0	12279.0	10119.0	4059.0	3418.0	3386.0	3538.0	3850.0	4162.0	4877.0	5498.0	6363.0	7454.0	8930.0	10582.0	11296.0	9051.0	3174.0	50.0
	15.0	16.0	17.0	18.0	19.0	20.0	21.0	22.0	23.0	24.0	25.0	26.0	27.0	28.0	29.0	30.0	31.0	32.0	33.0	34.0	35.0	36.0	37.0
P9723_1075_S75_L001_R1_001	3.0	2.0	20.0	81.0	297.0	1653.0	3803.0	3867.0	3758.0	3630.0	3653.0	3643.0	3776.0	3895.0	4266.0	4628.0	5291.0	6216.0	7629.0	9965.0	14194.0	25014.0	36081.0
	12.0	13.0	14.0	15.0	16.0	17.0	18.0	19.0	20.0	21.0	22.0	23.0	24.0	25.0	26.0	27.0	28.0	29.0	30.0	31.0	32.0	33.0	34.0	35.0	36.0	37.0
P9723_1075_S75_L001_R2_001	6.0	53.0	129.0	183.0	327.0	749.0	1896.0	4811.0	8012.0	7165.0	5520.0	5234.0	5381.0	5551.0	5883.0	6770.0	7383.0	8389.0	9508.0	11198.0	13061.0	15616.0	14739.0	6794.0	992.0	15.0
	16.0	17.0	18.0	19.0	20.0	21.0	22.0	23.0	24.0	25.0	26.0	27.0	28.0	29.0	30.0	31.0	32.0	33.0	34.0	35.0	36.0	37.0
P9723_1076_S76_L001_R1_001	1.0	1.0	2.0	5.0	39.0	132.0	130.0	74.0	36.0	25.0	28.0	15.0	10.0	10.0	11.0	9.0	8.0	9.0	8.0	6.0	9.0	11.0
	14.0	15.0	16.0	17.0	18.0	19.0	20.0	21.0	22.0	23.0	24.0	25.0	26.0	27.0	28.0	29.0	30.0	31.0	32.0	33.0	34.0	35.0
P9723_1076_S76_L001_R2_001	4.0	6.0	13.0	31.0	87.0	149.0	132.0	59.0	27.0	15.0	11.0	12.0	5.0	7.0	3.0	4.0	6.0	4.0	1.0	2.0	0.0	1.0
	16.0	17.0	18.0	19.0	20.0	21.0	22.0	23.0	24.0	25.0	26.0	27.0	28.0	29.0	30.0	31.0	32.0	33.0	34.0	35.0	36.0	37.0
P9723_1077_S77_L001_R1_001	3.0	32.0	120.0	400.0	2171.0	5068.0	4206.0	3752.0	3544.0	3314.0	3379.0	3518.0	3502.0	3618.0	3982.0	4647.0	5406.0	6875.0	8783.0	12282.0	21636.0	37302.0
	12.0	13.0	14.0	15.0	16.0	17.0	18.0	19.0	20.0	21.0	22.0	23.0	24.0	25.0	26.0	27.0	28.0	29.0	30.0	31.0	32.0	33.0	34.0	35.0	36.0	37.0
P9723_1077_S77_L001_R2_001	4.0	53.0	118.0	169.0	280.0	723.0	1879.0	4665.0	8474.0	7413.0	4935.0	4678.0	4717.0	4898.0	5367.0	5834.0	6731.0	7549.0	8449.0	9841.0	11610.0	13589.0	14038.0	9100.0	2387.0	39.0
	16.0	17.0	18.0	19.0	20.0	21.0	22.0	23.0	24.0	25.0	26.0	27.0	28.0	29.0	30.0	31.0	32.0	33.0	34.0	35.0	36.0	37.0
P9723_1078_S78_L001_R1_001	6.0	38.0	202.0	710.0	3761.0	7641.0	4225.0	3189.0	2758.0	2694.0	2594.0	2711.0	2753.0	2878.0	3153.0	3520.0	3997.0	5025.0	6144.0	8909.0	15092.0	24605.0
	12.0	13.0	14.0	15.0	16.0	17.0	18.0	19.0	20.0	21.0	22.0	23.0	24.0	25.0	26.0	27.0	28.0	29.0	30.0	31.0	32.0	33.0	34.0	35.0	36.0	37.0
P9723_1078_S78_L001_R2_001	3.0	47.0	109.0	135.0	309.0	877.0	2142.0	4714.0	9463.0	8170.0	3683.0	3443.0	3431.0	3660.0	3907.0	4402.0	4860.0	5460.0	6118.0	7019.0	8025.0	9052.0	9014.0	6572.0	1970.0	20.0
	16.0	17.0	18.0	19.0	20.0	21.0	22.0	23.0	24.0	25.0	26.0	27.0	28.0	29.0	30.0	31.0	32.0	33.0	34.0	35.0	36.0	37.0
P9723_1079_S79_L001_R1_001	4.0	22.0	125.0	404.0	2110.0	4599.0	4534.0	4228.0	3943.0	3738.0	3657.0	3698.0	3819.0	4161.0	4702.0	5369.0	6531.0	7864.0	10312.0	14723.0	26247.0	32367.0
	12.0	13.0	14.0	15.0	16.0	17.0	18.0	19.0	20.0	21.0	22.0	23.0	24.0	25.0	26.0	27.0	28.0	29.0	30.0	31.0	32.0	33.0	34.0	35.0	36.0	37.0
P9723_1079_S79_L001_R2_001	2.0	69.0	115.0	175.0	284.0	627.0	1681.0	4299.0	7504.0	6789.0	5047.0	4971.0	4958.0	5342.0	5856.0	6471.0	7146.0	8300.0	9813.0	11285.0	13724.0	16601.0	16407.0	8205.0	1476.0	10.0
	18.0	19.0	20.0	21.0	22.0	23.0	24.0	25.0	26.0	27.0	28.0	29.0	30.0	31.0	32.0	33.0	34.0	35.0	36.0	37.0
P9723_1080_S80_L001_R1_001	5.0	10.0	25.0	107.0	135.0	78.0	44.0	28.0	15.0	13.0	14.0	15.0	15.0	7.0	10.0	7.0	7.0	10.0	8.0	7.0
	13.0	14.0	15.0	16.0	17.0	18.0	19.0	20.0	21.0	22.0	23.0	24.0	25.0	26.0	27.0	28.0	29.0	30.0	31.0	32.0	33.0	34.0
P9723_1080_S80_L001_R2_001	1.0	5.0	7.0	9.0	26.0	66.0	161.0	143.0	49.0	23.0	9.0	16.0	11.0	9.0	8.0	9.0	1.0	1.0	1.0	2.0	1.0	2.0
	16.0	17.0	18.0	19.0	20.0	21.0	22.0	23.0	24.0	25.0	26.0	27.0	28.0	29.0	30.0	31.0	32.0	33.0	34.0	35.0	36.0	37.0
P9723_1081_S81_L001_R1_001	1.0	3.0	33.0	159.0	794.0	2221.0	2370.0	2259.0	2065.0	1990.0	2056.0	2101.0	2087.0	2313.0	2596.0	2992.0	3408.0	4155.0	5527.0	8027.0	13954.0	20263.0
	12.0	13.0	14.0	15.0	16.0	17.0	18.0	19.0	20.0	21.0	22.0	23.0	24.0	25.0	26.0	27.0	28.0	29.0	30.0	31.0	32.0	33.0	34.0	35.0	36.0	37.0
P9723_1081_S81_L001_R2_001	3.0	29.0	51.0	55.0	128.0	304.0	793.0	1985.0	3692.0	3403.0	2730.0	2657.0	2815.0	2913.0	3212.0	3686.0	4199.0	4557.0	5503.0	6368.0	7452.0	9098.0	9308.0	5415.0	1001.0	17.0
	15.0	16.0	17.0	18.0	19.0	20.0	21.0	22.0	23.0	24.0	25.0	26.0	27.0	28.0	29.0	30.0	31.0	32.0	33.0	34.0	35.0	36.0	37.0
P9723_1082_S82_L001_R1_001	1.0	1.0	9.0	66.0	215.0	1042.0	2997.0	3128.0	2826.0	2741.0	2699.0	2576.0	2741.0	2793.0	3110.0	3418.0	3984.0	4658.0	5884.0	7589.0	10725.0	18859.0	28936.0
	11.0	12.0	13.0	14.0	15.0	16.0	17.0	18.0	19.0	20.0	21.0	22.0	23.0	24.0	25.0	26.0	27.0	28.0	29.0	30.0	31.0	32.0	33.0	34.0	35.0	36.0	37.0
P9723_1082_S82_L001_R2_001	1.0	3.0	26.0	69.0	88.0	176.0	416.0	1108.0	2798.0	5051.0	4866.0	3775.0	3651.0	3637.0	3861.0	4214.0	4763.0	5434.0	6126.0	7093.0	8149.0	9795.0	11735.0	12771.0	9047.0	2317.0	28.0
	13.0	14.0	15.0	16.0	17.0	18.0	19.0	20.0	21.0	22.0	23.0	24.0	25.0	26.0	27.0	28.0	29.0	30.0	31.0	32.0	33.0	34.0	35.0	36.0	37.0
P9723_1083_S83_L001_R1_001	1.0	1.0	14.0	14.0	19.0	91.0	330.0	1542.0	3973.0	3211.0	2830.0	2625.0	2642.0	2608.0	2641.0	2893.0	2959.0	3409.0	3813.0	4338.0	5531.0	7025.0	9934.0	17944.0	25888.0
	11.0	12.0	13.0	14.0	15.0	16.0	17.0	18.0	19.0	20.0	21.0	22.0	23.0	24.0	25.0	26.0	27.0	28.0	29.0	30.0	31.0	32.0	33.0	34.0	35.0	36.0	37.0
P9723_1083_S83_L001_R2_001	6.0	14.0	41.0	77.0	88.0	236.0	531.0	1383.0	3540.0	6093.0	6089.0	4003.0	3645.0	3731.0	4015.0	4372.0	4704.0	5196.0	5824.0	6739.0	7821.0	9296.0	10970.0	10777.0	6052.0	1026.0	7.0
	14.0	15.0	16.0	17.0	18.0	19.0	20.0	21.0	22.0	23.0	24.0	25.0	26.0	27.0	28.0	29.0	30.0	31.0	32.0	33.0	34.0	35.0	36.0	37.0
P9723_1084_S84_L001_R1_001	1.0	1.0	1.0	2.0	1.0	12.0	58.0	168.0	137.0	57.0	65.0	23.0	13.0	16.0	16.0	13.0	15.0	2.0	13.0	10.0	8.0	15.0	14.0	3.0
	12.0	13.0	14.0	15.0	16.0	17.0	18.0	19.0	20.0	21.0	22.0	23.0	24.0	25.0	26.0	27.0	28.0	29.0	30.0	31.0	32.0	33.0	34.0	35.0	36.0
P9723_1084_S84_L001_R2_001	2.0	2.0	2.0	9.0	17.0	25.0	61.0	177.0	176.0	84.0	34.0	18.0	12.0	10.0	6.0	8.0	2.0	5.0	5.0	5.0	1.0	1.0	1.0	0.0	1.0
	16.0	17.0	18.0	19.0	20.0	21.0	22.0	23.0	24.0	25.0	26.0	27.0	28.0	29.0	30.0	31.0	32.0	33.0	34.0	35.0	36.0	37.0
P9723_1085_S85_L001_R1_001	2.0	19.0	82.0	369.0	1843.0	5090.0	4661.0	4184.0	3798.0	3714.0	3720.0	3733.0	3940.0	4182.0	4652.0	5257.0	6150.0	7572.0	9867.0	13779.0	23596.0	38897.0
	12.0	13.0	14.0	15.0	16.0	17.0	18.0	19.0	20.0	21.0	22.0	23.0	24.0	25.0	26.0	27.0	28.0	29.0	30.0	31.0	32.0	33.0	34.0	35.0	36.0	37.0
P9723_1085_S85_L001_R2_001	5.0	47.0	105.0	156.0	305.0	728.0	1971.0	4832.0	8058.0	7429.0	5394.0	5284.0	5505.0	5599.0	6101.0	6875.0	7787.0	8718.0	9948.0	11418.0	13360.0	15184.0	14874.0	8116.0	1292.0	16.0
	15.0	16.0	17.0	18.0	19.0	20.0	21.0	22.0	23.0	24.0	25.0	26.0	27.0	28.0	29.0	30.0	31.0	32.0	33.0	34.0	35.0	36.0	37.0
P9723_1086_S86_L001_R1_001	6.0	4.0	21.0	57.0	245.0	1166.0	3155.0	2877.0	2583.0	2542.0	2523.0	2668.0	2616.0	2936.0	3018.0	3356.0	3799.0	4689.0	5545.0	7247.0	10294.0	17461.0	25994.0
	12.0	13.0	14.0	15.0	16.0	17.0	18.0	19.0	20.0	21.0	22.0	23.0	24.0	25.0	26.0	27.0	28.0	29.0	30.0	31.0	32.0	33.0	34.0	35.0	36.0	37.0
P9723_1086_S86_L001_R2_001	8.0	43.0	74.0	109.0	184.0	472.0	1205.0	2852.0	4972.0	4780.0	3623.0	3576.0	3669.0	3787.0	4196.0	4687.0	5253.0	5975.0	6904.0	7829.0	9071.0	10528.0	11011.0	7859.0	2113.0	22.0
	16.0	17.0	18.0	19.0	20.0	21.0	22.0	23.0	24.0	25.0	26.0	27.0	28.0	29.0	30.0	31.0	32.0	33.0	34.0	35.0	36.0	37.0
P9723_1087_S87_L001_R1_001	4.0	19.0	78.0	272.0	1286.0	3498.0	3077.0	2593.0	2537.0	2493.0	2328.0	2392.0	2474.0	2679.0	2944.0	3384.0	4044.0	4814.0	6330.0	9185.0	16451.0	21863.0
	12.0	13.0	14.0	15.0	16.0	17.0	18.0	19.0	20.0	21.0	22.0	23.0	24.0	25.0	26.0	27.0	28.0	29.0	30.0	31.0	32.0	33.0	34.0	35.0	36.0	37.0
P9723_1087_S87_L001_R2_001	3.0	43.0	58.0	80.0	186.0	428.0	1010.0	2531.0	4764.0	4637.0	3125.0	3080.0	3077.0	3103.0	3454.0	3931.0	4401.0	4966.0	5998.0	7059.0	8336.0	10350.0	11021.0	7363.0	1730.0	11.0
	16.0	17.0	18.0	19.0	20.0	21.0	22.0	23.0	24.0	25.0	26.0	27.0	28.0	29.0	30.0	31.0	32.0	33.0	34.0	35.0	36.0	37.0
P9723_1088_S88_L001_R1_001	3.0	36.0	109.0	397.0	2062.0	5035.0	2211.0	1306.0	944.0	770.0	645.0	595.0	588.0	563.0	566.0	591.0	668.0	824.0	1094.0	1445.0	2581.0	2576.0
	13.0	14.0	15.0	16.0	17.0	18.0	19.0	20.0	21.0	22.0	23.0	24.0	25.0	26.0	27.0	28.0	29.0	30.0	31.0	32.0	33.0	34.0	35.0	36.0	37.0
P9723_1088_S88_L001_R2_001	17.0	26.0	48.0	219.0	711.0	1985.0	5347.0	4317.0	1094.0	772.0	599.0	562.0	543.0	584.0	632.0	750.0	814.0	962.0	1012.0	1196.0	1397.0	1367.0	614.0	40.0	1.0
	16.0	17.0	18.0	19.0	20.0	21.0	22.0	23.0	24.0	25.0	26.0	27.0	28.0	29.0	30.0	31.0	32.0	33.0	34.0	35.0	36.0	37.0
P9723_1089_S89_L001_R1_001	3.0	16.0	82.0	327.0	1608.0	4365.0	3306.0	2985.0	2761.0	2769.0	2774.0	2698.0	2778.0	2985.0	3280.0	3777.0	4533.0	5432.0	7196.0	10293.0	18389.0	27779.0
	12.0	13.0	14.0	15.0	16.0	17.0	18.0	19.0	20.0	21.0	22.0	23.0	24.0	25.0	26.0	27.0	28.0	29.0	30.0	31.0	32.0	33.0	34.0	35.0	36.0	37.0
P9723_1089_S89_L001_R2_001	2.0	28.0	77.0	108.0	163.0	455.0	1223.0	3280.0	6635.0	5674.0	3805.0	3663.0	3768.0	3992.0	4384.0	4724.0	5477.0	6326.0	7335.0	8591.0	10124.0	12144.0	11139.0	6010.0	996.0	13.0
	16.0	17.0	18.0	19.0	20.0	21.0	22.0	23.0	24.0	25.0	26.0	27.0	28.0	29.0	30.0	31.0	32.0	33.0	34.0	35.0	36.0	37.0
P9723_1090_S90_L001_R1_001	2.0	33.0	138.0	414.0	2185.0	5153.0	3848.0	3423.0	3153.0	2924.0	2927.0	2880.0	3013.0	3253.0	3627.0	4111.0	4728.0	6169.0	7786.0	11431.0	19941.0	26296.0
	12.0	13.0	14.0	15.0	16.0	17.0	18.0	19.0	20.0	21.0	22.0	23.0	24.0	25.0	26.0	27.0	28.0	29.0	30.0	31.0	32.0	33.0	34.0	35.0	36.0	37.0
P9723_1090_S90_L001_R2_001	2.0	33.0	88.0	106.0	236.0	629.0	1687.0	4112.0	7622.0	6419.0	4276.0	4000.0	4069.0	4471.0	4979.0	5459.0	6113.0	7077.0	8085.0	9594.0	11241.0	12188.0	9941.0	4449.0	556.0	3.0
	15.0	16.0	17.0	18.0	19.0	20.0	21.0	22.0	23.0	24.0	25.0	26.0	27.0	28.0	29.0	30.0	31.0	32.0	33.0	34.0	35.0	36.0	37.0
P9723_1091_S91_L001_R1_001	7.0	18.0	27.0	89.0	330.0	1607.0	3940.0	3165.0	2974.0	2778.0	2749.0	2789.0	2814.0	2889.0	3159.0	3445.0	3983.0	4684.0	5612.0	7333.0	10446.0	18581.0	26036.0
	11.0	12.0	13.0	14.0	15.0	16.0	17.0	18.0	19.0	20.0	21.0	22.0	23.0	24.0	25.0	26.0	27.0	28.0	29.0	30.0	31.0	32.0	33.0	34.0	35.0	36.0	37.0
P9723_1091_S91_L001_R2_001	2.0	10.0	37.0	94.0	118.0	229.0	545.0	1359.0	3400.0	6195.0	6383.0	4139.0	3781.0	3905.0	3975.0	4435.0	4895.0	5512.0	6123.0	7066.0	8275.0	9604.0	11404.0	11080.0	6006.0	879.0	4.0
	15.0	16.0	17.0	18.0	19.0	20.0	21.0	22.0	23.0	24.0	25.0	26.0	27.0	28.0	29.0	30.0	31.0	32.0	33.0	34.0	35.0	36.0	37.0
P9723_1092_S92_L001_R1_001	1.0	0.0	1.0	3.0	8.0	34.0	77.0	80.0	55.0	31.0	18.0	17.0	10.0	22.0	7.0	9.0	13.0	6.0	16.0	21.0	11.0	13.0	11.0
	13.0	14.0	15.0	16.0	17.0	18.0	19.0	20.0	21.0	22.0	23.0	24.0	25.0	26.0	27.0	28.0	29.0	30.0	31.0	32.0	33.0	34.0	35.0
P9723_1092_S92_L001_R2_001	5.0	4.0	5.0	14.0	28.0	65.0	113.0	88.0	46.0	24.0	14.0	14.0	10.0	5.0	10.0	4.0	2.0	3.0	3.0	4.0	2.0	0.0	1.0
	16.0	17.0	18.0	19.0	20.0	21.0	22.0	23.0	24.0	25.0	26.0	27.0	28.0	29.0	30.0	31.0	32.0	33.0	34.0	35.0	36.0	37.0
P9723_1093_S93_L001_R1_001	1.0	7.0	93.0	333.0	1683.0	4744.0	4182.0	3852.0	3569.0	3467.0	3409.0	3545.0	3858.0	3942.0	4282.0	5101.0	5947.0	7348.0	9332.0	13073.0	22624.0	36764.0
	11.0	12.0	13.0	14.0	15.0	16.0	17.0	18.0	19.0	20.0	21.0	22.0	23.0	24.0	25.0	26.0	27.0	28.0	29.0	30.0	31.0	32.0	33.0	34.0	35.0	36.0	37.0
P9723_1093_S93_L001_R2_001	3.0	4.0	41.0	112.0	137.0	255.0	666.0	1618.0	4428.0	7894.0	7128.0	5107.0	4915.0	5127.0	5497.0	5955.0	6465.0	7337.0	8353.0	9548.0	11090.0	12750.0	14659.0	13717.0	7137.0	1201.0	12.0
	14.0	15.0	16.0	17.0	18.0	19.0	20.0	21.0	22.0	23.0	24.0	25.0	26.0	27.0	28.0	29.0	30.0	31.0	32.0	33.0	34.0	35.0	36.0	37.0
P9723_1094_S94_L001_R1_001	3.0	17.0	14.0	29.0	118.0	415.0	2061.0	5168.0	3750.0	3236.0	3150.0	3079.0	3061.0	3147.0	3310.0	3466.0	3875.0	4447.0	5138.0	6446.0	8075.0	11625.0	19719.0	33116.0
	11.0	12.0	13.0	14.0	15.0	16.0	17.0	18.0	19.0	20.0	21.0	22.0	23.0	24.0	25.0	26.0	27.0	28.0	29.0	30.0	31.0	32.0	33.0	34.0	35.0	36.0	37.0
P9723_1094_S94_L001_R2_001	2.0	20.0	39.0	100.0	139.0	297.0	676.0	1711.0	4065.0	7577.0	7345.0	4475.0	4246.0	4381.0	4558.0	5238.0	5722.0	6320.0	7297.0	8232.0	9445.0	10914.0	12412.0	12274.0	7519.0	1451.0	10.0
	15.0	16.0	17.0	18.0	19.0	20.0	21.0	22.0	23.0	24.0	25.0	26.0	27.0	28.0	29.0	30.0	31.0	32.0	33.0	34.0	35.0	36.0	37.0
P9723_1095_S95_L001_R1_001	1.0	1.0	20.0	97.0	297.0	1570.0	4116.0	3676.0	3275.0	2944.0	2752.0	2750.0	2847.0	2952.0	3155.0	3526.0	4028.0	4636.0	6006.0	7794.0	11150.0	19459.0	23817.0
	12.0	13.0	14.0	15.0	16.0	17.0	18.0	19.0	20.0	21.0	22.0	23.0	24.0	25.0	26.0	27.0	28.0	29.0	30.0	31.0	32.0	33.0	34.0	35.0	36.0	37.0
P9723_1095_S95_L001_R2_001	1.0	30.0	101.0	104.0	204.0	459.0	1094.0	2794.0	5575.0	5416.0	3691.0	3568.0	3479.0	3722.0	4071.0	4575.0	5284.0	5906.0	7089.0	8378.0	10054.0	12250.0	13207.0	8208.0	1600.0	9.0
	14.0	15.0	16.0	17.0	18.0	19.0	20.0	21.0	22.0	23.0	24.0	25.0	26.0	27.0	28.0	29.0	30.0	31.0	32.0	33.0	34.0	35.0	36.0	37.0
P9723_1096_S96_L001_R1_001	1.0	0.0	0.0	7.0	39.0	158.0	724.0	1947.0	3468.0	5133.0	7365.0	10440.0	19342.0	14361.0	2177.0	821.0	693.0	636.0	793.0	929.0	1239.0	1620.0	2879.0	4869.0
	12.0	13.0	14.0	15.0	16.0	17.0	18.0	19.0	20.0	21.0	22.0	23.0	24.0	25.0	26.0	27.0	28.0	29.0	30.0	31.0	32.0	33.0	34.0	35.0	36.0	37.0
P9723_1096_S96_L001_R2_001	5.0	18.0	83.0	148.0	549.0	1423.0	4388.0	7865.0	6241.0	4805.0	4523.0	4771.0	4962.0	5571.0	6358.0	6933.0	6397.0	4173.0	1826.0	1491.0	1479.0	1813.0	2045.0	1479.0	294.0	1.0

