Sample	FastQC_mqc-generalstats-fastqc-percent_duplicates	FastQC_mqc-generalstats-fastqc-percent_gc	FastQC_mqc-generalstats-fastqc-avg_sequence_length	FastQC_mqc-generalstats-fastqc-percent_fails	FastQC_mqc-generalstats-fastqc-total_sequences
P9723_1001_S1_L001_R1_001	98.63632017793255	46.0	301.0	45.45454545454545	198727.0
P9723_1001_S1_L001_R2_001	95.87927156350169	46.0	301.0	54.54545454545454	198727.0
P9723_1002_S2_L001_R1_001	98.7682101673272	46.0	301.0	54.54545454545454	256862.0
P9723_1002_S2_L001_R2_001	96.74416612811548	46.0	301.0	54.54545454545454	256862.0
P9723_1003_S3_L001_R1_001	98.69865076169019	45.0	301.0	45.45454545454545	275637.0
P9723_1003_S3_L001_R2_001	95.48790619546723	46.0	301.0	45.45454545454545	275637.0
P9723_1004_S4_L001_R1_001	98.60579851990931	45.0	301.0	45.45454545454545	200258.0
P9723_1004_S4_L001_R2_001	95.94622936412028	46.0	301.0	54.54545454545454	200258.0
P9723_1005_S5_L001_R1_001	98.56311293012538	46.0	301.0	45.45454545454545	215257.0
P9723_1005_S5_L001_R2_001	95.21084099471794	46.0	301.0	54.54545454545454	215257.0
P9723_1006_S6_L001_R1_001	98.71700976139236	46.0	301.0	54.54545454545454	266253.0
P9723_1006_S6_L001_R2_001	96.28886810665044	47.0	301.0	54.54545454545454	266253.0
P9723_1009_S9_L001_R1_001	98.23142075429709	47.0	301.0	45.45454545454545	152778.0
P9723_1009_S9_L001_R2_001	94.56662608490751	47.0	301.0	54.54545454545454	152778.0
P9723_1010_S10_L001_R1_001	98.89053472106414	47.0	301.0	45.45454545454545	203882.0
P9723_1010_S10_L001_R2_001	96.42979762803975	48.0	301.0	54.54545454545454	203882.0
P9723_1011_S11_L001_R1_001	98.66771429062119	45.0	301.0	45.45454545454545	232908.0
P9723_1011_S11_L001_R2_001	95.55189173407526	46.0	301.0	54.54545454545454	232908.0
P9723_1012_S12_L001_R1_001	98.66275774216945	44.0	301.0	45.45454545454545	164069.0
P9723_1012_S12_L001_R2_001	95.25748313209687	45.0	301.0	54.54545454545454	164069.0
P9723_1013_S13_L001_R1_001	98.31638817514629	47.0	301.0	45.45454545454545	189533.0
P9723_1013_S13_L001_R2_001	94.35085183055193	47.0	301.0	54.54545454545454	189533.0
P9723_1014_S14_L001_R1_001	98.89081176802028	47.0	301.0	45.45454545454545	248470.0
P9723_1014_S14_L001_R2_001	96.13715941562361	48.0	301.0	54.54545454545454	248470.0
P9723_1015_S15_L001_R1_001	98.56061425943119	46.0	301.0	45.45454545454545	175561.0
P9723_1015_S15_L001_R2_001	95.95696082843	46.0	301.0	54.54545454545454	175561.0
P9723_1016_S16_L001_R1_001	98.63541075372761	44.0	301.0	45.45454545454545	177929.0
P9723_1016_S16_L001_R2_001	95.37736962496277	45.0	301.0	54.54545454545454	177929.0
P9723_1017_S17_L001_R1_001	98.77874826582254	46.0	301.0	45.45454545454545	204708.0
P9723_1017_S17_L001_R2_001	96.15354553803466	46.0	301.0	54.54545454545454	204708.0
P9723_1018_S18_L001_R1_001	99.13573067106071	46.0	301.0	36.36363636363637	247608.0
P9723_1018_S18_L001_R2_001	96.96657620109205	47.0	301.0	45.45454545454545	247608.0
P9723_1019_S19_L001_R1_001	98.70455519063259	44.0	301.0	45.45454545454545	175075.0
P9723_1019_S19_L001_R2_001	95.54876481507925	45.0	301.0	54.54545454545454	175075.0
P9723_1020_S20_L001_R1_001	98.7441073245696	46.0	301.0	45.45454545454545	192612.0
P9723_1020_S20_L001_R2_001	95.77440657902935	46.0	301.0	54.54545454545454	192612.0
P9723_1021_S21_L001_R1_001	98.94392209536602	47.0	301.0	45.45454545454545	238240.0
P9723_1021_S21_L001_R2_001	95.84704499664204	47.0	301.0	54.54545454545454	238240.0
P9723_1022_S22_L001_R1_001	99.02602007191183	46.0	301.0	36.36363636363637	239738.0
P9723_1022_S22_L001_R2_001	96.6455046759379	47.0	301.0	45.45454545454545	239738.0
P9723_1023_S23_L001_R1_001	98.76515684223163	45.0	301.0	45.45454545454545	174921.0
P9723_1023_S23_L001_R2_001	95.84269470217984	45.0	301.0	54.54545454545454	174921.0
P9723_1024_S24_L001_R1_001	98.85251685940474	47.0	301.0	45.45454545454545	201223.0
P9723_1024_S24_L001_R2_001	95.6684872007673	47.0	301.0	54.54545454545454	201223.0
P9723_1025_S25_L001_R1_001	98.71797360248448	46.0	301.0	45.45454545454545	206080.0
P9723_1025_S25_L001_R2_001	95.97971661490683	47.0	301.0	54.54545454545454	206080.0
P9723_1026_S26_L001_R1_001	98.7825338404645	47.0	301.0	45.45454545454545	227686.0
P9723_1026_S26_L001_R2_001	96.261957256924	47.0	301.0	54.54545454545454	227686.0
P9723_1027_S27_L001_R1_001	98.79828962222619	43.0	301.0	45.45454545454545	229423.0
P9723_1027_S27_L001_R2_001	95.82038418118498	43.0	301.0	54.54545454545454	229423.0
P9723_1028_S28_L001_R1_001	98.30853855925919	45.0	301.0	54.54545454545454	155073.0
P9723_1028_S28_L001_R2_001	94.03442249779137	46.0	301.0	45.45454545454545	155073.0
P9723_1029_S29_L001_R1_001	98.69327972429639	47.0	301.0	45.45454545454545	236776.0
P9723_1029_S29_L001_R2_001	95.5945703956482	47.0	301.0	54.54545454545454	236776.0
P9723_1030_S30_L001_R1_001	97.88354882756528	47.0	301.0	63.63636363636363	118642.0
P9723_1030_S30_L001_R2_001	90.19908632693313	47.0	301.0	54.54545454545454	118642.0
P9723_1031_S31_L001_R1_001	98.72249504437649	44.0	301.0	45.45454545454545	200782.0
P9723_1031_S31_L001_R2_001	96.24368718311402	44.0	301.0	54.54545454545454	200782.0
P9723_1032_S32_L001_R1_001	98.48320774865016	46.0	301.0	54.54545454545454	132978.0
P9723_1032_S32_L001_R2_001	95.07362120049933	46.0	301.0	54.54545454545454	132978.0
P9723_1033_S33_L001_R1_001	98.66664409610544	46.0	301.0	45.45454545454545	177222.0
P9723_1033_S33_L001_R2_001	95.76406992359865	47.0	301.0	54.54545454545454	177222.0
P9723_1034_S34_L001_R1_001	98.47722962563745	46.0	301.0	54.54545454545454	196681.0
P9723_1034_S34_L001_R2_001	95.79013732897432	46.0	301.0	54.54545454545454	196681.0
P9723_1035_S35_L001_R1_001	98.77646800626327	45.0	301.0	45.45454545454545	236937.0
P9723_1035_S35_L001_R2_001	95.8579706841903	45.0	301.0	54.54545454545454	236937.0
P9723_1036_S36_L001_R1_001	98.79580157847631	45.0	301.0	45.45454545454545	221226.0
P9723_1036_S36_L001_R2_001	95.76677244085234	46.0	301.0	54.54545454545454	221226.0
P9723_1037_S37_L001_R1_001	98.71585169306816	47.0	301.0	54.54545454545454	250049.0
P9723_1037_S37_L001_R2_001	95.80562209806878	47.0	301.0	54.54545454545454	250049.0
P9723_1038_S38_L001_R1_001	98.38341574743248	46.0	301.0	54.54545454545454	184030.0
P9723_1038_S38_L001_R2_001	94.57588436667935	46.0	301.0	54.54545454545454	184030.0
P9723_1039_S39_L001_R1_001	98.74527916496453	45.0	301.0	54.54545454545454	239894.0
P9723_1039_S39_L001_R2_001	96.35630736908801	46.0	301.0	54.54545454545454	239894.0
P9723_1040_S40_L001_R1_001	98.82955923165764	46.0	301.0	45.45454545454545	174037.0
P9723_1040_S40_L001_R2_001	95.87329131161765	47.0	301.0	54.54545454545454	174037.0
P9723_1041_S41_L001_R1_001	98.57097751219113	45.0	301.0	45.45454545454545	171026.0
P9723_1041_S41_L001_R2_001	95.56909475752225	46.0	301.0	54.54545454545454	171026.0
P9723_1042_S42_L001_R1_001	98.2600096220666	45.0	301.0	54.54545454545454	149656.0
P9723_1042_S42_L001_R2_001	94.90431389319507	46.0	301.0	45.45454545454545	149656.0
P9723_1043_S43_L001_R1_001	98.48433253448641	45.0	301.0	54.54545454545454	155641.0
P9723_1043_S43_L001_R2_001	94.77708315932178	46.0	301.0	54.54545454545454	155641.0
P9723_1044_S44_L001_R1_001	98.76968429156811	46.0	301.0	54.54545454545454	197429.0
P9723_1044_S44_L001_R2_001	96.0360433370984	47.0	301.0	54.54545454545454	197429.0
P9723_1045_S45_L001_R1_001	98.43910612228116	46.0	301.0	54.54545454545454	194568.0
P9723_1045_S45_L001_R2_001	94.79359401340406	46.0	301.0	45.45454545454545	194568.0
P9723_1046_S46_L001_R1_001	98.43840931134821	45.0	301.0	54.54545454545454	206200.0
P9723_1046_S46_L001_R2_001	94.84820562560621	46.0	301.0	45.45454545454545	206200.0
P9723_1047_S47_L001_R1_001	98.3261520288863	45.0	301.0	54.54545454545454	148998.0
P9723_1047_S47_L001_R2_001	95.13751862441107	46.0	301.0	54.54545454545454	148998.0
P9723_1048_S48_L001_R1_001	98.6870983169439	47.0	301.0	54.54545454545454	152639.0
P9723_1048_S48_L001_R2_001	95.82216864628306	47.0	301.0	54.54545454545454	152639.0
P9723_1049_S49_L001_R1_001	98.65325547642354	46.0	301.0	45.45454545454545	118508.0
P9723_1049_S49_L001_R2_001	96.00111384885409	47.0	301.0	54.54545454545454	118508.0
P9723_1050_S50_L001_R1_001	98.52568040383537	45.0	301.0	36.36363636363637	112323.0
P9723_1050_S50_L001_R2_001	95.61977511284421	45.0	301.0	45.45454545454545	112323.0
P9723_1051_S51_L001_R1_001	98.12057761732852	47.0	301.0	45.45454545454545	138500.0
P9723_1051_S51_L001_R2_001	93.90758122743682	47.0	301.0	45.45454545454545	138500.0
P9723_1052_S52_L001_R1_001	98.67802516488143	47.0	301.0	45.45454545454545	171032.0
P9723_1052_S52_L001_R2_001	95.57918985920763	48.0	301.0	54.54545454545454	171032.0
P9723_1053_S53_L001_R1_001	98.75363326172122	47.0	301.0	54.54545454545454	189912.0
P9723_1053_S53_L001_R2_001	95.96128733308059	47.0	301.0	54.54545454545454	189912.0
P9723_1054_S54_L001_R1_001	98.33995091681797	45.0	301.0	36.36363636363637	100238.0
P9723_1054_S54_L001_R2_001	95.06574353039765	46.0	301.0	45.45454545454545	100238.0
P9723_1055_S55_L001_R1_001	98.16059535397044	48.0	301.0	45.45454545454545	130477.0
P9723_1055_S55_L001_R2_001	94.56839136399519	48.0	301.0	45.45454545454545	130477.0
P9723_1056_S56_L001_R1_001	98.47249867154218	48.0	301.0	45.45454545454545	111031.0
P9723_1056_S56_L001_R2_001	95.0653421116625	49.0	301.0	54.54545454545454	111031.0
P9723_1057_S57_L001_R1_001	98.55246220247861	46.0	301.0	54.54545454545454	158476.0
P9723_1058_S58_L001_R1_001	98.75916842910497	46.0	301.0	45.45454545454545	177784.0
P9723_1058_S58_L001_R2_001	95.39441119560816	46.0	301.0	45.45454545454545	177784.0
P9723_1059_S59_L001_R1_001	98.61753843665477	46.0	301.0	54.54545454545454	222574.0
P9723_1059_S59_L001_R2_001	94.60673753448292	46.0	301.0	54.54545454545454	222574.0
P9723_1060_S60_L001_R1_001	98.68625532404742	47.0	301.0	45.45454545454545	208488.0
P9723_1060_S60_L001_R2_001	94.9805264571582	48.0	301.0	54.54545454545454	208488.0
P9723_1061_S61_L001_R1_001	98.73818973692529	46.0	301.0	45.45454545454545	227768.0
P9723_1061_S61_L001_R2_001	95.56873660918127	46.0	301.0	54.54545454545454	227768.0
P9723_1062_S62_L001_R1_001	98.6559899172081	46.0	301.0	45.45454545454545	184076.0
P9723_1062_S62_L001_R2_001	95.22208218344596	46.0	301.0	45.45454545454545	184076.0
P9723_1063_S63_L001_R1_001	98.41067011526106	46.0	301.0	54.54545454545454	194862.0
P9723_1063_S63_L001_R2_001	95.10268805616282	47.0	301.0	54.54545454545454	194862.0
P9723_1064_S64_L001_R1_001	98.7468416851802	48.0	301.0	45.45454545454545	196703.0
P9723_1064_S64_L001_R2_001	95.14343960183626	48.0	301.0	54.54545454545454	196703.0
P9723_1065_S65_L001_R1_001	98.74560419958208	46.0	301.0	45.45454545454545	156968.0
P9723_1065_S65_L001_R2_001	96.35849345089444	47.0	301.0	54.54545454545454	156968.0
P9723_1066_S66_L001_R1_001	98.6215644174123	47.0	301.0	45.45454545454545	130873.0
P9723_1066_S66_L001_R2_001	96.12601529727293	48.0	301.0	45.45454545454545	130873.0
P9723_1067_S67_L001_R1_001	98.15787410833268	47.0	301.0	54.54545454545454	127570.0
P9723_1067_S67_L001_R2_001	94.1639883985263	47.0	301.0	54.54545454545454	127570.0
P9723_1068_S68_L001_R1_001	98.44287893893244	46.0	301.0	45.45454545454545	181553.0
P9723_1068_S68_L001_R2_001	95.30495227289	47.0	301.0	54.54545454545454	181553.0
P9723_1069_S69_L001_R1_001	98.8640811243551	47.0	301.0	45.45454545454545	224840.0
P9723_1069_S69_L001_R2_001	96.40188578544743	47.0	301.0	54.54545454545454	224840.0
P9723_1070_S70_L001_R1_001	98.66647416293691	47.0	301.0	45.45454545454545	152378.0
P9723_1070_S70_L001_R2_001	95.93839005630734	48.0	301.0	45.45454545454545	152378.0
P9723_1071_S71_L001_R1_001	98.31695620609618	47.0	301.0	54.54545454545454	195598.0
P9723_1071_S71_L001_R2_001	95.4028159797135	47.0	301.0	54.54545454545454	195598.0
P9723_1072_S72_L001_R1_001	98.36836308780113	48.0	301.0	45.45454545454545	108051.0
P9723_1072_S72_L001_R2_001	95.07454813004969	48.0	301.0	54.54545454545454	108051.0
P9723_1073_S73_L001_R1_001	98.70371676422879	46.0	301.0	45.45454545454545	141790.0
P9723_1073_S73_L001_R2_001	96.0117074546865	46.0	301.0	54.54545454545454	141790.0
P9723_1074_S74_L001_R1_001	97.99571452118016	45.0	301.0	54.54545454545454	121340.0
P9723_1074_S74_L001_R2_001	94.8920388989616	46.0	301.0	63.63636363636363	121340.0
P9723_1075_S75_L001_R1_001	98.68606610944863	46.0	301.0	45.45454545454545	145365.0
P9723_1075_S75_L001_R2_001	94.88597667939325	47.0	301.0	54.54545454545454	145365.0
P9723_1076_S76_L001_R1_001	86.18307426597582	45.0	301.0	54.54545454545454	579.0
P9723_1076_S76_L001_R2_001	66.49395509499136	46.0	301.0	54.54545454545454	579.0
P9723_1077_S77_L001_R1_001	98.59459066453395	45.0	301.0	45.45454545454545	137540.0
P9723_1077_S77_L001_R2_001	95.35262469099898	46.0	301.0	54.54545454545454	137540.0
P9723_1078_S78_L001_R1_001	97.97758078889358	46.0	301.0	54.54545454545454	106605.0
P9723_1078_S78_L001_R2_001	94.36142770038929	47.0	301.0	63.63636363636363	106605.0
P9723_1079_S79_L001_R1_001	98.5552844920731	46.0	301.0	45.45454545454545	147157.0
P9723_1079_S79_L001_R2_001	95.3885985715936	47.0	301.0	45.45454545454545	147157.0
P9723_1080_S80_L001_R1_001	88.57142857142857	45.0	301.0	63.63636363636363	560.0
P9723_1080_S80_L001_R2_001	66.78571428571428	47.0	301.0	54.54545454545454	560.0
P9723_1081_S81_L001_R1_001	98.50443630643694	47.0	301.0	54.54545454545454	81374.0
P9723_1081_S81_L001_R2_001	95.52928453805885	47.0	301.0	54.54545454545454	81374.0
P9723_1082_S82_L001_R1_001	98.61709219985946	45.0	301.0	45.45454545454545	110998.0
P9723_1082_S82_L001_R2_001	95.30261806519036	46.0	301.0	54.54545454545454	110998.0
P9723_1083_S83_L001_R1_001	98.33452519853965	45.0	301.0	45.45454545454545	106276.0
P9723_1083_S83_L001_R2_001	94.44465354360345	46.0	301.0	54.54545454545454	106276.0
P9723_1084_S84_L001_R1_001	89.4578313253012	44.0	301.0	63.63636363636363	664.0
P9723_1084_S84_L001_R2_001	70.93373493975903	45.0	301.0	63.63636363636363	664.0
P9723_1085_S85_L001_R1_001	98.7056275023976	47.0	301.0	54.54545454545454	149107.0
P9723_1085_S85_L001_R2_001	95.6091933980296	47.0	301.0	54.54545454545454	149107.0
P9723_1086_S86_L001_R1_001	98.57254632545181	46.0	301.0	45.45454545454545	104802.0
P9723_1086_S86_L001_R2_001	95.17948130760864	47.0	301.0	54.54545454545454	104802.0
P9723_1087_S87_L001_R1_001	98.29014723732124	46.0	301.0	54.54545454545454	94745.0
P9723_1087_S87_L001_R2_001	95.18285925378648	46.0	301.0	54.54545454545454	94745.0
P9723_1088_S88_L001_R1_001	96.02483501893866	44.0	301.0	54.54545454545454	25609.0
P9723_1088_S88_L001_R2_001	93.10789175680425	45.0	301.0	63.63636363636363	25609.0
P9723_1089_S89_L001_R1_001	98.51002397036392	47.0	301.0	45.45454545454545	110136.0
P9723_1089_S89_L001_R2_001	95.64175201568969	47.0	301.0	54.54545454545454	110136.0
P9723_1090_S90_L001_R1_001	98.28586026312428	46.0	301.0	45.45454545454545	117435.0
P9723_1090_S90_L001_R2_001	95.41363307361519	47.0	301.0	54.54545454545454	117435.0
P9723_1091_S91_L001_R1_001	98.40391028276461	46.0	301.0	54.54545454545454	109455.0
P9723_1091_S91_L001_R2_001	94.84628386094742	46.0	301.0	54.54545454545454	109455.0
P9723_1092_S92_L001_R1_001	87.71551724137932	45.0	301.0	54.54545454545454	464.0
P9723_1092_S92_L001_R2_001	62.93103448275862	46.0	301.0	54.54545454545454	464.0
P9723_1093_S93_L001_R1_001	98.65822210887245	47.0	301.0	45.45454545454545	141156.0
P9723_1093_S93_L001_R2_001	95.47946952308085	47.0	301.0	54.54545454545454	141156.0
P9723_1094_S94_L001_R1_001	98.30625074131183	46.0	301.0	45.45454545454545	126465.0
P9723_1094_S94_L001_R2_001	95.44775234254537	47.0	301.0	54.54545454545454	126465.0
P9723_1095_S95_L001_R1_001	98.40893306514896	46.0	301.0	54.54545454545454	110869.0
P9723_1095_S95_L001_R2_001	95.33954486826795	46.0	301.0	54.54545454545454	110869.0
P9723_1096_S96_L001_R1_001	98.8071470724878	44.0	301.0	36.36363636363637	79641.0
P9723_1096_S96_L001_R2_001	90.84893459399053	46.0	301.0	54.54545454545454	79641.0
